311
DSCF4667.JPG 3172.52944 0 1557 0 3173.95303 1037.5 0 0 1 0.837418213 0.217218229 -0.501544592 -0.16963292 0.975612183 0.139303773 0.519572333 -0.0315770432 0.853842773 0.0472408106 -1.70971143 4.0522685
DSCF4668.JPG 3172.52944 0 1557 0 3173.95303 1037.5 0 0 1 0.849275839 0.209573559 -0.484571432 -0.170601708 0.977535125 0.123774541 0.499625467 -0.0224500129 0.86595057 0.0995149599 -1.782166 4.03800029
DSCF4669.JPG 3172.52944 0 1557 0 3173.95303 1037.5 0 0 1 0.854674161 0.19898593 -0.479517129 -0.174756361 0.979999309 0.0951922766 0.488868379 0.00244028937 0.872354144 -0.0112651548 -1.92949731 4.01966335
DSCF4670.JPG 3172.52944 0 1557 0 3173.95303 1037.5 0 0 1 0.898384706 0.17874296 -0.401193064 -0.159641435 0.983858293 0.080854636 0.409169319 -0.00859153195 0.912418026 0.137138712 -1.99177115 4.10290707
DSCF4671.JPG 3172.52944 0 1557 0 3173.95303 1037.5 0 0 1 0.922423406 0.155177109 -0.35363134 -0.138368593 0.987723709 0.0724983298 0.360540139 -0.0179426856 0.932571106 0.0993622726 -2.04597082 4.19752777
DSCF4672.JPG 3172.52944 0 1557 0 3173.95303 1037.5 0 0 1 0.941237246 0.13634759 -0.309001264 -0.132609348 0.990613062 0.0331741257 0.3106239 0.00975173326 0.950482875 0.0745447042 -2.21132406 4.15015464
DSCF4673.JPG 3172.52944 0 1557 0 3173.95303 1037.5 0 0 1 0.954970153 0.136937421 -0.263211226 -0.134186215 0.990546488 0.0284906216 0.264624388 0.00811162483 0.964317445 0.0161915955 -2.19726308 4.08007543
DSCF4674.JPG 3172.52944 0 1557 0 3173.95303 1037.5 0 0 1 0.97145134 0.104712239 -0.212879404 -0.103605407 0.99448359 0.0163801311 0.213420274 0.00614295695 0.97694117 0.063881811 -2.1565185 4.01700508
DSCF4675.JPG 3172.52944 0 1557 0 3173.95303 1037.5 0 0 1 0.98334562 0.0802869129 -0.163050311 -0.080757987 0.996726693 0.00374790105 0.162817504 0.00948213279 0.986610637 0.12150102 -2.15914988 4.00256513
DSCF4676.JPG 3172.52944 0 1557 0 3173.95303 1037.5 0 0 1 0.992364665 0.0395153948 -0.116837087 -0.039627482 0.999213591 0.0013643495 0.116799118 0.00327602732 0.993150157 0.106208716 -2.16533785 4.0388542
DSCF4677.JPG 3172.52944 0 1557 0 3173.95303 1037.5 0 0 1 0.998714624 -0.00218615873 -0.0506391155 0.00203329566 0.99999322 -0.00306999414 0.0506454837 0.00296308375 0.998712298 0.147596293 -2.20405438 4.12913966
DSCF4678.JPG 3172.52944 0 1557 0 3173.95303 1037.5 0 0 1 0.999822425 -0.0187820202 0.00153415821 0.018787666 0.999816454 -0.0037524874 -0.00146339732 0.0037806443 0.999991783 0.104097345 -2.22932491 4.15975863
DSCF4679.JPG 3172.52944 0 1557 0 3173.95303 1037.5 0 0 1 0.997860514 -0.0479359242 0.0444583119 0.0487461963 0.998660958 -0.0173233863 -0.0435683678 0.0194534968 0.998861031 0.0628846707 -2.29505208 4.09501366
DSCF4680.JPG 3172.52944 0 1557 0 3173.95303 1037.5 0 0 1 0.994958786 -0.0717496424 0.0700642732 0.0738987447 0.996856265 -0.0285755453 -0.0677937246 0.0336091517 0.997133108 -0.0370125336 -2.3250321 4.08261426
DSCF4681.JPG 3172.52944 0 1557 0 3173.95303 1037.5 0 0 1 0.987321164 -0.0919373659 0.129400312 0.0929276308 0.995671543 -0.00162285274 -0.128691008 0.0136271413 0.991591108 0.0491603626 -2.22832157 4.19752978
DSCF4682.JPG 3172.52944 0 1557 0 3173.95303 1037.5 0 0 1 0.966778676 -0.155535257 0.202849144 0.154492486 0.987769384 0.0210645385 -0.203644452 0.010973922 0.978983406 0.248004203 -2.21757467 4.3083978
DSCF4683.JPG 3172.52944 0 1557 0 3173.95303 1037.5 0 0 1 0.95449183 -0.165653512 0.248000524 0.159629362 0.986180195 0.0443518843 -0.251920251 -0.00274534562 0.967744104 0.246274353 -2.15200665 4.49368201
DSCF4684.JPG 3172.52944 0 1557 0 3173.95303 1037.5 0 0 1 0.9437125 -0.173116533 0.281846381 0.161978756 0.984810688 0.0625363186 -0.288391399 -0.0133631794 0.957419358 0.233650079 -2.10285941 4.6214168
DSCF4685.JPG 3172.52944 0 1557 0 3173.95303 1037.5 0 0 1 0.933811957 -0.181066942 0.308561162 0.171107141 0.983467443 0.0592801384 -0.314193531 -0.00255948366 0.949355505 0.182421278 -2.12384935 4.61794846
DSCF4686.JPG 3172.52944 0 1557 0 3173.95303 1037.5 0 0 1 0.919147932 -0.217992521 0.328095016 0.214412726 0.975586151 0.0475273025 -0.33044555 0.0266631248 0.943448364 0.239651236 -2.19130355 4.50882774
DSCF4687.JPG 3172.52944 0 1557 0 3173.95303 1037.5 0 0 1 -0.916242488 -0.147196992 0.372602668 0.243337246 0.53435912 0.809473481 -0.318255695 0.832342103 -0.453784019 1.2946896 -2.16525985 3.14427931
DSCF4688.JPG 3172.52944 0 1557 0 3173.95303 1037.5 0 0 1 -0.925199963 -0.14639615 0.350104551 0.207526824 0.577215936 0.789781223 -0.317706856 0.803361643 -0.503659035 1.33357109 -2.00061772 3.2940203
DSCF4689.JPG 3172.52944 0 1557 0 3173.95303 1037.5 0 0 1 -0.932265971 -0.128839221 0.338054159 0.201406516 0.591399568 0.78082134 -0.300525497 0.796019476 -0.525392634 1.26267425 -1.95631345 3.33819505
DSCF4690.JPG 3172.52944 0 1557 0 3173.95303 1037.5 0 0 1 -0.941644751 -0.114615273 0.316494078 0.195655298 0.578728903 0.791701877 -0.273905398 0.80742566 -0.522531949 1.15324857 -2.0037573 3.30921574
DSCF4691.JPG 3172.52944 0 1557 0 3173.95303 1037.5 0 0 1 -0.954766617 -0.0914703535 0.282937946 0.187369881 0.553782757 0.811305852 -0.230896589 0.827621793 -0.511594501 1.05056853 -2.09299175 3.22524563
DSCF4692.JPG 3172.52944 0 1557 0 3173.95303 1037.5 0 0 1 -0.959495944 -0.0957095385 0.264966447 0.171285467 0.548533228 0.81839635 -0.223671238 0.83063288 -0.509921755 0.838251038 -2.08974912 3.22035483
DSCF4693.JPG 3172.52944 0 1557 0 3173.95303 1037.5 0 0 1 -0.971324804 -0.0913324327 0.219514263 0.13787765 0.535791399 0.833017005 -0.193695323 0.83939619 -0.507834775 0.722734901 -2.08591356 3.18029602
DSCF4694.JPG 3172.52944 0 1557 0 3173.95303 1037.5 0 0 1 -0.975791304 -0.124449765 0.179843229 0.088147766 0.528770507 0.844175173 -0.200153198 0.839591572 -0.504999693 0.520031897 -2.05369157 3.19169346
DSCF4695.JPG 3172.52944 0 1557 0 3173.95303 1037.5 0 0 1 -0.972380575 -0.102309101 0.2097829 0.123412195 0.537511813 0.834176529 -0.198104637 0.837026821 -0.510039855 0.207112788 -2.04329163 3.20686941
DSCF4696.JPG 3172.52944 0 1557 0 3173.95303 1037.5 0 0 1 -0.962512567 -0.129806464 0.238159274 0.128912828 0.553610888 0.82273718 -0.238644171 0.822596661 -0.516123719 -0.0453176586 -1.96720344 3.25216324
DSCF4697.JPG 3172.52944 0 1557 0 3173.95303 1037.5 0 0 1 -0.953462127 -0.195504813 0.229538321 0.0528830505 0.64105366 0.765671984 -0.296838939 0.742177925 -0.600881496 -0.0265167653 -1.4925601 3.52424315
DSCF4698.JPG 3172.52944 0 1557 0 3173.95303 1037.5 0 0 1 -0.946753157 -0.218542383 0.236426918 0.00860214656 0.716903216 0.697119632 -0.321845403 0.662033992 -0.676850449 0.0908309093 -0.993174406 3.72610429
DSCF4699.JPG 3172.52944 0 1557 0 3173.95303 1037.5 0 0 1 -0.94665995 -0.209135218 0.24514771 -0.00882151052 0.777309398 0.629056659 -0.32211352 0.593340172 -0.737692565 0.32245204 -0.568531738 3.85091577
DSCF4700.JPG 3172.52944 0 1557 0 3173.95303 1037.5 0 0 1 -0.952417511 -0.173490606 0.25060306 0.0243426129 0.776275401 0.629923756 -0.303822845 0.606050749 -0.735115071 0.629593116 -0.589095267 3.86121327
DSCF4701.JPG 3172.52944 0 1557 0 3173.95303 1037.5 0 0 1 -0.944108084 -0.15320314 0.291871073 0.069660949 0.772709514 0.630925795 -0.322191368 0.61599416 -0.718849023 0.771879572 -0.664391027 3.87824659
DSCF4702.JPG 3172.52944 0 1557 0 3173.95303 1037.5 0 0 1 -0.934807023 -0.131644027 0.329857059 0.122267123 0.752706671 0.646902943 -0.333446518 0.645060088 -0.687539746 0.917101649 -0.879502645 3.8692849
DSCF4703.JPG 3172.52944 0 1557 0 3173.95303 1037.5 0 0 1 -0.92351678 -0.114358408 0.36611325 0.158258475 0.755869654 0.635307265 -0.349386624 0.644657444 -0.679960122 1.01222261 -0.928959317 3.9103566
DSCF4704.JPG 3172.52944 0 1557 0 3173.95303 1037.5 0 0 1 -0.912734914 -0.126338509 0.388527423 0.169231309 0.748650555 0.641001647 -0.371854463 0.650815587 -0.661939068 1.0836104 -0.990670864 3.95212515
DSCF4705.JPG 3172.52944 0 1557 0 3173.95303 1037.5 0 0 1 -0.90487653 -0.100013555 0.413758087 0.213298066 0.73464169 0.644053975 -0.368378068 0.671043126 -0.643427325 1.22280439 -1.18010585 3.90712239
DSCF4706.JPG 3172.52944 0 1557 0 3173.95303 1037.5 0 0 1 -0.903124214 -0.0877917703 0.420308528 0.227757336 0.731870684 0.642255322 -0.363996221 0.675764684 -0.640974916 1.32587908 -1.31040673 3.87947692
DSCF4707.JPG 3172.52944 0 1557 0 3173.95303 1037.5 0 0 1 -0.909339377 -0.110008698 0.401248033 0.210263312 0.71067981 0.671359477 -0.359014257 0.694861349 -0.623118343 1.35032468 -1.49314999 3.84627552
DSCF4708.JPG 3172.52944 0 1557 0 3173.95303 1037.5 0 0 1 -0.916240719 -0.126434261 0.38015434 0.196378689 0.685341422 0.701243571 -0.349196728 0.717162125 -0.603108723 1.32200171 -1.68733387 3.78648359
DSCF4709.JPG 3172.52944 0 1557 0 3173.95303 1037.5 0 0 1 -0.920806128 -0.140593929 0.363798601 0.192595049 0.647198242 0.737591745 -0.339150736 0.749244809 -0.568866412 1.24767549 -1.91029784 3.7235847
DSCF4710.JPG 3172.52944 0 1557 0 3173.95303 1037.5 0 0 1 -0.934832967 -0.159997808 0.316998462 0.159942187 0.607310642 0.778198099 -0.31702653 0.778186665 -0.54214361 1.26392752 -2.07415461 3.64822124
DSCF4711.JPG 3172.52944 0 1557 0 3173.95303 1037.5 0 0 1 -0.952713877 -0.156161603 0.260671867 0.127351922 0.573673248 0.809123286 -0.275894466 0.804060046 -0.526658984 1.29321154 -2.188865 3.5469093
DSCF4712.JPG 3172.52944 0 1557 0 3173.95303 1037.5 0 0 1 -0.950298941 -0.17231608 0.259305015 0.130329617 0.536212623 0.833960559 -0.282747437 0.826306959 -0.487104399 1.04270884 -2.36317605 3.47126099
DSCF4713.JPG 3172.52944 0 1557 0 3173.95303 1037.5 0 0 1 -0.951348037 -0.168060625 0.258248987 0.135448883 0.524709028 0.840436813 -0.276749911 0.834527449 -0.476417279 0.850238412 -2.41779385 3.4338739
DSCF4714.JPG 3172.52944 0 1557 0 3173.95303 1037.5 0 0 1 -0.939013513 -0.183256345 0.290982361 0.149320375 0.544950225 0.825065257 -0.309769347 0.81819702 -0.484351719 0.497162774 -2.33407419 3.50242778
DSCF4715.JPG 3172.52944 0 1557 0 3173.95303 1037.5 0 0 1 -0.924979581 -0.226351745 0.305250164 0.12732892 0.57222089 0.810154676 -0.358050445 0.788243706 -0.500471516 0.165738802 -2.15454532 3.59578948
DSCF4716.JPG 3172.52944 0 1557 0 3173.95303 1037.5 0 0 1 -0.890903436 -0.262950637 0.370335024 0.124003384 0.643574707 0.755271313 -0.436937328 0.718796605 -0.540756149 -0.353194298 -1.7777652 3.76140192
DSCF4717.JPG 3172.52944 0 1557 0 3173.95303 1037.5 0 0 1 -0.874159228 -0.283053395 0.39462187 0.0926163136 0.700501302 0.707615817 -0.476726193 0.655117319 -0.586134315 -0.64129492 -1.39458458 3.88316812
DSCF4718.JPG 3172.52944 0 1557 0 3173.95303 1037.5 0 0 1 -0.875888647 -0.27816046 0.394266202 0.0717998947 0.732876144 0.676562882 -0.477141335 0.620902019 -0.621946002 -0.762930699 -1.11096903 3.93462767
DSCF4719.JPG 3172.52944 0 1557 0 3173.95303 1037.5 0 0 1 -0.882327983 -0.263434038 0.389999793 0.0414787361 0.781915518 0.622002924 -0.468803632 0.564987284 -0.678979031 -0.754089004 -0.708782952 3.99684441
DSCF4720.JPG 3172.52944 0 1557 0 3173.95303 1037.5 0 0 1 -0.93035327 -0.183077777 0.317687458 0.0533966126 0.789540319 0.611371316 -0.362755559 0.585754737 -0.724775685 -0.19683379 -0.614208529 4.04869593
DSCF4721.JPG 3172.52944 0 1557 0 3173.95303 1037.5 0 0 1 -0.951995723 -0.138480504 0.272996874 0.0564266551 0.797152712 0.601135248 -0.300865711 0.587682486 -0.751071981 0.211994394 -0.52630959 4.05164977
DSCF4722.JPG 3172.52944 0 1557 0 3173.95303 1037.5 0 0 1 -0.950114866 -0.131010698 0.283051124 0.065430751 0.803591124 0.591574274 -0.304959929 0.58058376 -0.754931745 0.374421429 -0.46596366 4.05455551
DSCF4723.JPG 3172.52944 0 1557 0 3173.95303 1037.5 0 0 1 -0.947879472 -0.111756195 0.298387433 0.0980447757 0.788735077 0.606864236 -0.303169472 0.60448948 -0.736668677 0.60473973 -0.579755219 4.04576227
DSCF4724.JPG 3172.52944 0 1557 0 3173.95303 1037.5 0 0 1 -0.94817954 -0.0883823623 0.305195214 0.128242915 0.772366317 0.622096477 -0.29070486 0.628998275 -0.721007527 0.92196104 -0.708233162 4.02854432
DSCF4725.JPG 3172.52944 0 1557 0 3173.95303 1037.5 0 0 1 -0.949534029 -0.0687061688 0.306046712 0.162546727 0.726693976 0.667453689 -0.268260488 0.683516882 -0.678852696 1.21136048 -0.995239858 3.95872004
DSCF4726.JPG 3172.52944 0 1557 0 3173.95303 1037.5 0 0 1 -0.956064522 -0.0548053169 0.28798786 0.172537438 0.689011733 0.703913109 -0.237005195 0.722675037 -0.649283704 1.51409835 -1.14527758 3.90310045
DSCF4727.JPG 3172.52944 0 1557 0 3173.95303 1037.5 0 0 1 -0.960927308 -0.0589971436 0.270440468 0.157679738 0.68633067 0.709991064 -0.227499032 0.724892784 -0.650211229 1.70913965 -1.05588193 3.95160458
DSCF4728.JPG 3172.52944 0 1557 0 3173.95303 1037.5 0 0 1 -0.969205542 -0.0533955325 0.240394538 0.146300002 0.660397226 0.736526859 -0.19808313 0.749015635 -0.632248885 1.88499948 -1.04690905 3.92736195
DSCF4729.JPG 3172.52944 0 1557 0 3173.95303 1037.5 0 0 1 -0.973709208 -0.048696676 0.222528677 0.138891748 0.647374727 0.749409798 -0.180553207 0.760614618 -0.623591166 1.81381143 -0.97017902 3.9014229
DSCF4730.JPG 3172.52944 0 1557 0 3173.95303 1037.5 0 0 1 -0.978306614 -0.0412265843 0.203018564 0.130170868 0.64003535 0.757238599 -0.161157419 0.767238633 -0.620784316 1.64486599 -0.936214746 3.88309508
DSCF4731.JPG 3172.52944 0 1557 0 3173.95303 1037.5 0 0 1 -0.974785303 -0.0293543945 0.221205632 0.151143548 0.642426878 0.751294439 -0.164162237 0.765784582 -0.621791552 1.30589164 -0.95579087 3.90062389
DSCF4732.JPG 3172.52944 0 1557 0 3173.95303 1037.5 0 0 1 -0.971931951 -0.0507562474 0.229721757 0.139463782 0.662079365 0.736342833 -0.189468034 0.747712992 -0.636417431 0.961801326 -0.857185296 3.97023713
DSCF4733.JPG 3172.52944 0 1557 0 3173.95303 1037.5 0 0 1 -0.971310757 -0.11536865 0.207955496 0.0788433443 0.66877074 0.739276284 -0.224363858 0.734462914 -0.640488164 0.660755003 -0.769775843 4.01558168
DSCF4734.JPG 3172.52944 0 1557 0 3173.95303 1037.5 0 0 1 -0.975195441 -0.160329361 0.152605206 0.00321194804 0.67912052 0.734019757 -0.221322245 0.71630288 -0.661760265 0.542282778 -0.650444649 4.03513591
DSCF4735.JPG 3172.52944 0 1557 0 3173.95303 1037.5 0 0 1 -0.97749351 -0.181059519 0.108276904 -0.0447411787 0.679487677 0.732321462 -0.206166594 0.71099504 -0.672295611 0.434213065 -0.640997072 4.03757849
DSCF4736.JPG 3172.52944 0 1557 0 3173.95303 1037.5 0 0 1 -0.975494791 -0.210784678 0.0630851133 -0.0967489086 0.668451398 0.737436355 -0.197609617 0.713261908 -0.672464044 0.320221907 -0.720763108 4.02696567
DSCF4737.JPG 3172.52944 0 1557 0 3173.95303 1037.5 0 0 1 -0.976698181 -0.200568823 0.0763728349 -0.078013001 0.663301265 0.744275086 -0.199936576 0.720974048 -0.663492115 0.128299137 -0.96447689 3.98392938
DSCF4738.JPG 3172.52944 0 1557 0 3173.95303 1037.5 0 0 1 -0.973085091 -0.20334017 0.108435144 -0.0584376226 0.672898668 0.737422827 -0.222913547 0.711238467 -0.666670378 -0.0865295325 -1.12882845 3.96315693
DSCF4739.JPG 3172.52944 0 1557 0 3173.95303 1037.5 0 0 1 -0.974930529 -0.198157862 0.101212279 -0.0642205716 0.686098988 0.724668129 -0.21304033 0.700001172 -0.68162466 -0.026057135 -1.23343342 3.95728085
DSCF4740.JPG 3172.52944 0 1557 0 3173.95303 1037.5 0 0 1 -0.97399321 -0.206778861 0.0926268345 -0.0660386564 0.65013606 0.756942534 -0.21673976 0.731139936 -0.646883506 0.0384681213 -1.57579097 3.87553387
DSCF4741.JPG 3172.52944 0 1557 0 3173.95303 1037.5 0 0 1 -0.976413543 -0.195326783 0.0920002217 -0.0560822957 0.640927392 0.765550034 -0.208497888 0.742333837 -0.63676456 0.161004028 -1.73564179 3.83417229
DSCF4742.JPG 3172.52944 0 1557 0 3173.95303 1037.5 0 0 1 -0.981035539 -0.178197212 0.0762563145 -0.0429235585 0.583386966 0.811059317 -0.189015449 0.792404822 -0.579972205 0.387986769 -2.07218226 3.63895427
DSCF4743.JPG 3172.52944 0 1557 0 3173.95303 1037.5 0 0 1 -0.979648692 -0.175420678 0.0975501188 -0.0292676465 0.605648493 0.79519388 -0.198574532 0.776155583 -0.598456905 0.491433763 -1.98711657 3.67850076
DSCF4744.JPG 3172.52944 0 1557 0 3173.95303 1037.5 0 0 1 -0.983663428 -0.126041099 0.128529771 0.0273042142 0.601262476 0.798584945 -0.177934652 0.789048209 -0.587998455 0.686061805 -2.11244005 3.6163727
DSCF4745.JPG 3172.52944 0 1557 0 3173.95303 1037.5 0 0 1 -0.973643731 -0.113892452 0.197601603 0.097211505 0.576518048 0.811281001 -0.206319673 0.809107811 -0.550251527 0.661105196 -2.33033672 3.54769243
DSCF4746.JPG 3172.52944 0 1557 0 3173.95303 1037.5 0 0 1 -0.956222548 -0.112703102 0.270067489 0.153173053 0.593594927 0.79005258 -0.249352068 0.796833153 -0.550345776 0.605844845 -2.32853163 3.61840352
DSCF4747.JPG 3172.52944 0 1557 0 3173.95303 1037.5 0 0 1 -0.936975472 -0.108749328 0.332039981 0.209447952 0.585825486 0.782904882 -0.279657863 0.803107766 -0.526126787 0.588957887 -2.43760579 3.60569284
DSCF4748.JPG 3172.52944 0 1557 0 3173.95303 1037.5 0 0 1 -0.927153427 -0.126587405 0.352650183 0.21945605 0.579389493 0.784950226 -0.303686623 0.805160508 -0.509402582 0.70711956 -2.48207044 3.60608011
DSCF4749.JPG 3172.52944 0 1557 0 3173.95303 1037.5 0 0 1 -0.923133697 -0.15194234 0.353182252 0.204986644 0.582649922 0.78644742 -0.325276272 0.798393759 -0.506717626 0.859330932 -2.44730509 3.63624573
DSCF4750.JPG 3172.52944 0 1557 0 3173.95303 1037.5 0 0 1 -0.912170374 -0.186559098 0.364884791 0.189872789 0.596649366 0.779716524 -0.363171491 0.780516007 -0.508823379 0.897735094 -2.34535131 3.71590209
DSCF4751.JPG 3172.52944 0 1557 0 3173.95303 1037.5 0 0 1 -0.939834148 0.172337846 -0.294977018 -0.167845319 0.519112308 0.838063458 0.297556252 0.837151168 -0.458953373 0.726929941 -2.2446552 2.98464735
DSCF4752.JPG 3172.52944 0 1557 0 3173.95303 1037.5 0 0 1 -0.935026785 0.197328982 -0.294594949 -0.153640643 0.523311191 0.838176563 0.319561361 0.828979294 -0.458992229 0.868865216 -2.24033648 3.00298645
DSCF4753.JPG 3172.52944 0 1557 0 3173.95303 1037.5 0 0 1 -0.919984422 0.225914142 -0.320299021 -0.163532885 0.52142283 0.837481479 0.356210132 0.822849337 -0.44275649 1.24532768 -2.24077134 2.99004298
DSCF4754.JPG 3172.52944 0 1557 0 3173.95303 1037.5 0 0 1 -0.926285012 0.233365618 -0.295865788 -0.129241848 0.54078539 0.831172489 0.353966977 0.80814086 -0.470760798 1.39066159 -2.17171542 3.10626412
DSCF4755.JPG 3172.52944 0 1557 0 3173.95303 1037.5 0 0 1 -0.924014432 0.2270538 -0.307642489 -0.1358583 0.557126535 0.819239004 0.357407123 0.798784449 -0.483945816 1.65665004 -2.08892762 3.15027416
DSCF4756.JPG 3172.52944 0 1557 0 3173.95303 1037.5 0 0 1 -0.910638684 0.24474362 -0.332923035 -0.133059329 0.589104322 0.797026544 0.391193561 0.770101719 -0.503895763 2.02501887 -1.9269993 3.2000681
DSCF4757.JPG 3172.52944 0 1557 0 3173.95303 1037.5 0 0 1 -0.899622242 0.295489165 -0.321505794 -0.0631189042 0.640541904 0.765324815 0.432083124 0.708796319 -0.557594792 2.27424316 -1.68723863 3.31207667
DSCF4758.JPG 3172.52944 0 1557 0 3173.95303 1037.5 0 0 1 -0.901113657 0.301826389 -0.31127963 -0.0116570453 0.70079975 0.713262801 0.433426223 0.646359452 -0.627981822 2.37221511 -1.32251989 3.48874582
DSCF4759.JPG 3172.52944 0 1557 0 3173.95303 1037.5 0 0 1 -0.919071184 0.283184936 -0.274070157 0.0218191989 0.730946052 0.682086352 0.393487079 0.62090592 -0.677970322 2.20141604 -1.0617317 3.6522526
DSCF4760.JPG 3172.52944 0 1557 0 3173.95303 1037.5 0 0 1 -0.95217486 0.214813129 -0.217297851 0.00654067599 0.725327381 0.688373017 0.305483643 0.654030206 -0.69204352 1.75301726 -1.02730903 3.79428341
DSCF4761.JPG 3172.52944 0 1557 0 3173.95303 1037.5 0 0 1 -0.97733331 0.163041821 -0.13504431 0.0152692788 0.690510118 0.723161549 0.211155039 0.704707841 -0.67734807 1.2093443 -1.19920018 3.85446177
DSCF4762.JPG 3172.52944 0 1557 0 3173.95303 1037.5 0 0 1 -0.982210395 0.133714293 -0.13184547 -0.0203762188 0.622076695 0.782691124 0.186674985 0.77145387 -0.608285604 0.978714697 -1.56046186 3.69057818
DSCF4763.JPG 3172.52944 0 1557 0 3173.95303 1037.5 0 0 1 -0.984792128 0.0972688929 -0.143955642 -0.0668597613 0.552594326 0.830764277 0.160356592 0.82775496 -0.537687167 0.764134651 -1.89462739 3.49021706
DSCF4764.JPG 3172.52944 0 1557 0 3173.95303 1037.5 0 0 1 -0.978404385 0.0790405988 -0.190990688 -0.11779221 0.546073944 0.829414398 0.169852449 0.833999899 -0.524970775 0.643137326 -1.94469813 3.42206537
DSCF4765.JPG 3172.52944 0 1557 0 3173.95303 1037.5 0 0 1 -0.969742762 0.0572941591 -0.237310673 -0.175345865 0.51288697 0.840357533 0.16986113 0.85654208 -0.487322133 0.458871429 -2.1427925 3.33095095
DSCF4766.JPG 3172.52944 0 1557 0 3173.95303 1037.5 0 0 1 -0.958596202 0.054254189 -0.279552866 -0.213749461 0.511561748 0.832235391 0.188160809 0.857531959 -0.478784344 0.32518538 -2.20196005 3.3473525
DSCF4767.JPG 3172.52944 0 1557 0 3173.95303 1037.5 0 0 1 -0.957219016 0.0554740432 -0.283997157 -0.215637919 0.517705927 0.827937716 0.192956064 0.853758282 -0.483595651 0.102247512 -2.21452669 3.38056991
DSCF4768.JPG 3172.52944 0 1557 0 3173.95303 1037.5 0 0 1 -0.954037679 0.0391869757 -0.297113595 -0.218050285 0.589350574 0.777894578 0.205587404 0.806926441 -0.553717923 -0.0832433409 -1.88673217 3.58951676
DSCF4769.JPG 3172.52944 0 1557 0 3173.95303 1037.5 0 0 1 -0.961852153 -0.0183925494 -0.27295082 -0.222445598 0.633358467 0.74119836 0.159243186 0.773639946 -0.613288546 -0.421753801 -1.62314679 3.73052652
DSCF4770.JPG 3172.52944 0 1557 0 3173.95303 1037.5 0 0 1 -0.960129511 -0.0629309548 -0.27238028 -0.241864986 0.675591345 0.696475171 0.140187912 0.734585618 -0.663875982 -0.600631353 -1.33850518 3.83468858
DSCF4771.JPG 3172.52944 0 1557 0 3173.95303 1037.5 0 0 1 -0.958094746 -0.0741410514 -0.276690371 -0.246028439 0.707704024 0.662287718 0.146712181 0.702608084 -0.696288314 -0.644706789 -1.02554099 3.92251535
DSCF4772.JPG 3172.52944 0 1557 0 3173.95303 1037.5 0 0 1 -0.95383409 -0.0836368521 -0.288453471 -0.263728761 0.692766194 0.671209461 0.143692967 0.716295942 -0.682841456 -0.599679954 -0.959998059 3.91134797
DSCF4773.JPG 3172.52944 0 1557 0 3173.95303 1037.5 0 0 1 -0.947065011 -0.100378402 -0.304945966 -0.283387993 0.707735305 0.647149121 0.150861231 0.699310314 -0.698717378 -0.415301346 -0.741507243 3.90337124
DSCF4774.JPG 3172.52944 0 1557 0 3173.95303 1037.5 0 0 1 -0.957030223 -0.0898077052 -0.275731263 -0.255063469 0.713079122 0.653039656 0.137970214 0.695307659 -0.705344936 -0.215299572 -0.650482084 3.86961975
DSCF4775.JPG 3172.52944 0 1557 0 3173.95303 1037.5 0 0 1 -0.953096195 -0.0283267974 -0.30133907 -0.233292825 0.703049073 0.671786022 0.192826607 0.710576944 -0.676681835 0.303415531 -0.663805288 3.82511295
DSCF4776.JPG 3172.52944 0 1557 0 3173.95303 1037.5 0 0 1 -0.953758549 0.0345837824 -0.298577614 -0.183103083 0.720915965 0.668396165 0.238365036 0.692159038 -0.681247367 0.684434175 -0.56905547 3.82057154
DSCF4777.JPG 3172.52944 0 1557 0 3173.95303 1037.5 0 0 1 -0.95276772 0.0757660839 -0.294097214 -0.143988277 0.739930459 0.657092301 0.267396797 0.668402885 -0.694072429 0.988880308 -0.535170988 3.83527423
DSCF4778.JPG 3172.52944 0 1557 0 3173.95303 1037.5 0 0 1 -0.948503552 0.122072994 -0.292299838 -0.0972020913 0.766078554 0.635354549 0.301484269 0.631048202 -0.71476248 1.30307763 -0.518653918 3.83500133
DSCF4779.JPG 3172.52944 0 1557 0 3173.95303 1037.5 0 0 1 -0.956749089 0.125841272 -0.262288303 -0.0582594615 0.80045371 0.59655653 0.285021078 0.586035692 -0.758501914 1.36854627 -0.42014421 3.91610162
DSCF4780.JPG 3172.52944 0 1557 0 3173.95303 1037.5 0 0 1 -0.953456568 0.141417939 -0.266310982 -0.0528718314 0.791105193 0.609390796 0.296858791 0.595108007 -0.746807417 1.59686185 -0.598172132 3.91006705
DSCF4781.JPG 3172.52944 0 1557 0 3173.95303 1037.5 0 0 1 -0.93504891 0.182101132 -0.304175465 -0.0701801404 0.745937389 0.662308206 0.347502926 0.640637643 -0.68470806 1.99228585 -0.997810445 3.7414241
DSCF4782.JPG 3172.52944 0 1557 0 3173.95303 1037.5 0 0 1 -0.914829137 0.181715802 -0.360648051 -0.146543506 0.682797757 0.715759893 0.376314563 0.707648635 -0.598014012 2.27862113 -1.41841712 3.52131847
DSCF4783.JPG 3172.52944 0 1557 0 3173.95303 1037.5 0 0 1 -0.91485513 0.163258767 -0.369305655 -0.193213925 0.626107922 0.755418592 0.354553904 0.762453569 -0.541254177 2.21442292 -1.7703449 3.40918388
DSCF4784.JPG 3172.52944 0 1557 0 3173.95303 1037.5 0 0 1 -0.927518498 0.125560024 -0.352056979 -0.222383121 0.571673264 0.789769223 0.300425005 0.810817094 -0.502315098 1.96074435 -2.06653637 3.36517586
DSCF4785.JPG 3172.52944 0 1557 0 3173.95303 1037.5 0 0 1 -0.946615397 0.0989722496 -0.306795998 -0.219890282 0.497685208 0.83902187 0.235727712 0.861692479 -0.449353445 1.56982259 -2.43740903 3.25665444
DSCF4786.JPG 3172.52944 0 1557 0 3173.95303 1037.5 0 0 1 -0.956472879 0.0890196544 -0.277912097 -0.203933717 0.477295577 0.854751409 0.20873589 0.874222188 -0.438366166 1.25133403 -2.56481654 3.21687318
DSCF4787.JPG 3172.52944 0 1557 0 3173.95303 1037.5 0 0 1 -0.957687506 0.0685652156 -0.279523618 -0.211369071 0.491615868 0.844770356 0.195340108 0.868108662 -0.456321808 1.02748001 -2.51624835 3.27474928
DSCF4788.JPG 3172.52944 0 1557 0 3173.95303 1037.5 0 0 1 -0.959456793 0.0691069539 -0.273252432 -0.206828174 0.485994953 0.84913545 0.191480467 0.871225077 -0.451997894 0.803631679 -2.55201346 3.27441959
DSCF4789.JPG 3172.52944 0 1557 0 3173.95303 1037.5 0 0 1 -0.964866266 0.0484076673 -0.258243658 -0.209665304 0.45049563 0.867809972 0.158346296 0.891465302 -0.424518628 0.502824886 -2.6931717 3.20106854
DSCF4790.JPG 3172.52944 0 1557 0 3173.95303 1037.5 0 0 1 -0.975934147 0.00318474532 -0.218042194 -0.191819682 0.46304674 0.865328219 0.103719577 0.886328141 -0.451292228 0.0791298488 -2.64276042 3.28653143
DSCF4791.JPG 3172.52944 0 1557 0 3173.95303 1037.5 0 0 1 -0.976481844 -0.0299979288 -0.213502533 -0.200541238 0.489969514 0.848359055 0.0791607179 0.871223278 -0.484462157 -0.164627023 -2.51346413 3.40327006
DSCF4792.JPG 3172.52944 0 1557 0 3173.95303 1037.5 0 0 1 -0.980725397 -0.0792777938 -0.17858535 -0.193037546 0.534560425 0.822788951 0.0302357681 0.841403698 -0.539560576 -0.538746634 -2.27841887 3.53530648
DSCF4793.JPG 3172.52944 0 1557 0 3173.95303 1037.5 0 0 1 -0.976286627 -0.147416231 -0.15853352 -0.215626578 0.597153983 0.772600996 -0.0192250038 0.788464061 -0.614780305 -0.843059971 -1.93899634 3.69017156
DSCF4794.JPG 3172.52944 0 1557 0 3173.95303 1037.5 0 0 1 -0.971543173 -0.175829801 -0.158706468 -0.235113741 0.634609097 0.736201618 -0.0287296158 0.752565728 -0.657890138 -0.936369599 -1.66450559 3.76736252
DSCF4795.JPG 3172.52944 0 1557 0 3173.95303 1037.5 0 0 1 -0.963148383 -0.196475865 -0.183691118 -0.268149273 0.648075217 0.712807464 -0.021003802 0.735795996 -0.676877457 -0.828244772 -1.44063791 3.79854709
DSCF4796.JPG 3172.52944 0 1557 0 3173.95303 1037.5 0 0 1 -0.952275109 -0.172893007 -0.251555411 -0.30047763 0.67599055 0.672866978 0.0537150858 0.716341249 -0.695679455 -0.397080835 -1.13336442 3.88674687
DSCF4797.JPG 3172.52944 0 1557 0 3173.95303 1037.5 0 0 1 -0.949244506 -0.113092675 -0.293504539 -0.284573576 0.706280412 0.648217447 0.133987861 0.698840487 -0.702615988 0.0554094047 -0.875391633 3.92553345
DSCF4798.JPG 3172.52944 0 1557 0 3173.95303 1037.5 0 0 1 -0.953298982 -0.0418821833 -0.299110237 -0.236506407 0.71945231 0.653033761 0.187845071 0.693277907 -0.695758559 0.413397733 -0.781897098 3.91066021
DSCF4799.JPG 3172.52944 0 1557 0 3173.95303 1037.5 0 0 1 -0.956736507 0.0148515347 -0.290576474 -0.187564159 0.732000843 0.65497668 0.222429633 0.681141833 -0.697546315 0.696006815 -0.71397487 3.91220637
DSCF4800.JPG 3172.52944 0 1557 0 3173.95303 1037.5 0 0 1 -0.962241888 0.0909958508 -0.25653519 -0.109815968 0.732579636 0.67176449 0.249060238 0.674571592 -0.694926014 0.972219465 -0.758731069 3.90071605
DSCF4801.JPG 3172.52944 0 1557 0 3173.95303 1037.5 0 0 1 -0.945916659 0.154412841 -0.285303957 -0.0922764313 0.715059991 0.69294608 0.311009218 0.681796072 -0.662138492 1.41001379 -0.910410226 3.8009494
DSCF4802.JPG 3172.52944 0 1557 0 3173.95303 1037.5 0 0 1 -0.935002574 0.211100531 -0.284967985 -0.0571412098 0.703365041 0.708528405 0.350007241 0.678759298 -0.645585584 1.68264812 -1.08381631 3.71747666
DSCF4803.JPG 3172.52944 0 1557 0 3173.95303 1037.5 0 0 1 -0.928251067 0.256514015 -0.269352032 -0.0326517505 0.66516227 0.745984596 0.370518313 0.701255813 -0.609061955 1.80656785 -1.48736866 3.59570471
DSCF4804.JPG 3172.52944 0 1557 0 3173.95303 1037.5 0 0 1 0.999146284 -0.041043596 -0.00470391681 0.0404606632 0.99518591 -0.0892633184 0.00834495931 0.0889967893 0.995996954 0.222103858 -2.59187167 3.72187014
DSCF4805.JPG 3172.52944 0 1557 0 3173.95303 1037.5 0 0 1 0.999994673 -0.00326371751 5.26404505e-05 0.0032597434 0.997680323 -0.0679951945 0.000169398765 0.0679950039 0.997685647 0.180499697 -2.5316467 3.80443077
DSCF4806.JPG 3172.52944 0 1557 0 3173.95303 1037.5 0 0 1 0.999464272 0.0245198399 0.0216782696 -0.0230979957 0.997710098 -0.0635692054 -0.0231873353 0.0630344249 0.997741955 0.443388873 -2.53557858 3.86236496
DSCF4807.JPG 3172.52944 0 1557 0 3173.95303 1037.5 0 0 1 0.997778552 0.00442936141 0.0664706084 -0.00109239202 0.99874086 -0.0501547822 -0.0666090662 0.049970754 0.996527047 0.889682438 -2.47365752 3.93469048
DSCF4808.JPG 3172.52944 0 1557 0 3173.95303 1037.5 0 0 1 0.988735679 -0.0114726981 0.149231812 0.0135429663 0.999825538 -0.0128639958 -0.149058192 0.014740133 0.988718556 1.45844186 -2.29281848 4.0120738
DSCF4809.JPG 3172.52944 0 1557 0 3173.95303 1037.5 0 0 1 0.990832067 0.0257467644 0.132623222 -0.0260601008 0.999660181 0.000627102405 -0.132562008 -0.00407752769 0.991166327 1.4449766 -2.23421754 4.16570652
DSCF4810.JPG 3172.52944 0 1557 0 3173.95303 1037.5 0 0 1 0.985073012 0.0870991279 0.148475259 -0.0937966168 0.994838687 0.0387063396 -0.144337643 -0.0520550475 0.988158346 1.51733717 -2.06882361 4.3189079
DSCF4811.JPG 3172.52944 0 1557 0 3173.95303 1037.5 0 0 1 0.988529265 0.0956763766 0.116858559 -0.112022671 0.983443812 0.142440126 -0.101295671 -0.153897041 0.982880912 1.43432257 -1.54227893 4.62072769
DSCF4812.JPG 3172.52944 0 1557 0 3173.95303 1037.5 0 0 1 0.990195681 0.131429019 0.0473172898 -0.137998791 0.972902844 0.185516551 -0.0216528674 -0.190227416 0.98150124 1.07212957 -1.28892806 4.79752796
DSCF4813.JPG 3172.52944 0 1557 0 3173.95303 1037.5 0 0 1 0.988836938 0.148664855 0.0100135288 -0.148587279 0.978848427 0.140632774 0.0111054241 -0.140550765 0.990011188 0.84746796 -1.43242229 4.76199671
DSCF4814.JPG 3172.52944 0 1557 0 3173.95303 1037.5 0 0 1 0.983378835 0.161441232 -0.0830830667 -0.151197248 0.981486723 0.117572125 0.100525916 -0.103056008 0.98958274 0.322231819 -1.47682199 4.75297613
DSCF4815.JPG 3172.52944 0 1557 0 3173.95303 1037.5 0 0 1 0.986281291 0.0855229952 -0.141191471 -0.070813676 0.991829517 0.106111418 0.149112835 -0.0946574191 0.984279094 0.0809341812 -1.43040801 4.71773538
DSCF4816.JPG 3172.52944 0 1557 0 3173.95303 1037.5 0 0 1 0.983059477 0.0342858989 -0.180051495 -0.0144472558 0.993786747 0.110359318 0.182716558 -0.105888523 0.977446817 -0.204862529 -1.32862858 4.7297691
DSCF4817.JPG 3172.52944 0 1557 0 3173.95303 1037.5 0 0 1 0.979472698 -0.00988461805 -0.201334367 0.0382841598 0.989739798 0.137657022 0.197907949 -0.142539212 0.969801535 -0.496069312 -1.13711596 4.79958587
DSCF4818.JPG 3172.52944 0 1557 0 3173.95303 1037.5 0 0 1 0.970002657 -0.106430208 -0.218557672 0.136270765 0.982586347 0.126310529 0.201308528 -0.15230457 0.967614693 -0.716558095 -1.18048547 4.85578047
DSCF4819.JPG 3172.52944 0 1557 0 3173.95303 1037.5 0 0 1 0.959843951 -0.174226619 -0.219874224 0.196837316 0.976715284 0.0853365398 0.199886618 -0.125189214 0.971788558 -0.84517192 -1.44955105 4.87745062
DSCF4820.JPG 3172.52944 0 1557 0 3173.95303 1037.5 0 0 1 0.9456775 -0.256672908 -0.199532162 0.26641365 0.963581094 0.0231352846 0.186327218 -0.0750366098 0.979618127 -0.748419932 -1.85707266 4.86632817
DSCF4821.JPG 3172.52944 0 1557 0 3173.95303 1037.5 0 0 1 0.948996065 -0.262715827 -0.174318281 0.265495993 0.964082002 -0.00760074047 0.170053953 -0.0390677324 0.984660025 -0.755981723 -2.13623081 4.88613401
DSCF4822.JPG 3172.52944 0 1557 0 3173.95303 1037.5 0 0 1 0.959212225 -0.23151705 -0.162209008 0.233119927 0.972403057 -0.00934845712 0.159896863 -0.0288469978 0.986712138 -0.84187853 -2.29187605 4.93657166
DSCF4823.JPG 3172.52944 0 1557 0 3173.95303 1037.5 0 0 1 0.966913887 -0.20159964 -0.15631737 0.203267784 0.979108246 -0.00540839627 0.154141957 -0.026544832 0.987692072 -0.861632798 -2.43867002 4.95568643
DSCF4824.JPG 3172.52944 0 1557 0 3173.95303 1037.5 0 0 1 0.973751146 -0.157864957 -0.163973658 0.1547964 0.987447013 -0.0314081392 0.166873543 0.00520117955 0.985964588 -0.926008201 -2.73858004 4.82306015
DSCF4825.JPG 3172.52944 0 1557 0 3173.95303 1037.5 0 0 1 0.983704175 -0.0953556541 -0.152425049 0.0899872321 0.995067253 -0.0417547697 0.155654728 0.027358033 0.987432602 -0.809809327 -2.89705144 4.75321564
DSCF4826.JPG 3172.52944 0 1557 0 3173.95303 1037.5 0 0 1 0.981416765 -0.0480255513 -0.185781266 0.0434952911 0.998650266 -0.0283867245 0.186893799 0.0197785971 0.982180999 -0.761632908 -2.88563467 4.75594958
DSCF4827.JPG 3172.52944 0 1557 0 3173.95303 1037.5 0 0 1 0.980221272 -0.00175469493 -0.197896888 -0.00594330404 0.999248673 -0.038298377 0.197815405 0.0387170452 0.979474377 -0.620538658 -2.99928597 4.70103263
DSCF4828.JPG 3172.52944 0 1557 0 3173.95303 1037.5 0 0 1 0.977101523 0.0490800532 -0.207035652 -0.0562628824 0.997996304 -0.0289459148 0.205200148 0.03993152 0.977905094 -0.530522631 -3.00065966 4.71554002
DSCF4829.JPG 3172.52944 0 1557 0 3173.95303 1037.5 0 0 1 0.988161365 0.0399128099 -0.148135361 -0.0465557701 0.998047036 -0.0416494192 0.146183712 0.0480529027 0.988089693 0.0717325755 -3.06211631 4.71238666
DSCF4830.JPG 3172.52944 0 1557 0 3173.95303 1037.5 0 0 1 0.994774288 0.04910314 -0.0895153501 -0.0545330503 0.996752098 -0.0592570826 0.0863149042 0.0638289672 0.994221102 0.610585361 -3.160744 4.61277763
DSCF4831.JPG 3172.52944 0 1557 0 3173.95303 1037.5 0 0 1 0.994273992 0.0773316337 -0.0737498967 -0.081525616 0.995115885 -0.0556592312 0.0690854744 0.0613530317 0.995722352 0.869345147 -3.17514148 4.58878057
DSCF4832.JPG 3172.52944 0 1557 0 3173.95303 1037.5 0 0 1 0.988712708 0.119918697 -0.08981474 -0.124110937 0.991352392 -0.042625225 0.0839264959 0.0532910931 0.99504593 0.883797902 -3.11089806 4.62947523
DSCF4833.JPG 3172.52944 0 1557 0 3173.95303 1037.5 0 0 1 0.9760351 0.179408311 -0.123159012 -0.183673419 0.982691746 -0.0241041076 0.116702867 0.0461474918 0.992094174 0.657953765 -2.966826 4.72901891
DSCF4834.JPG 3172.52944 0 1557 0 3173.95303 1037.5 0 0 1 0.964585074 0.240489888 -0.10835243 -0.240732324 0.970528824 0.0110340045 0.107812723 0.0154406961 0.994051307 0.598778569 -2.68505122 4.8521217
DSCF4835.JPG 3172.52944 0 1557 0 3173.95303 1037.5 0 0 1 0.975304849 0.205576605 -0.0807385414 -0.200484066 0.97741144 0.0668806193 0.0926638646 -0.0490422013 0.99448895 0.847715067 -2.20980536 5.03808121
DSCF4836.JPG 3172.52944 0 1557 0 3173.95303 1037.5 0 0 1 0.976510494 0.20353706 -0.0707101186 -0.199174501 0.977862781 0.0641396976 0.0821995987 -0.0485494352 0.995432659 0.862323446 -2.06121995 5.07025366
DSCF4837.JPG 3172.52944 0 1557 0 3173.95303 1037.5 0 0 1 0.985302127 0.153310236 -0.0753371744 -0.149464195 0.987274252 0.0543139464 0.0827053365 -0.0422554368 0.995677812 0.74270423 -1.87983981 5.09990353
DSCF4838.JPG 3172.52944 0 1557 0 3173.95303 1037.5 0 0 1 0.993883555 0.100152548 -0.0465289736 -0.0972934926 0.993438658 0.0601133066 0.0522441819 -0.0552186605 0.997106536 0.69803023 -1.68757275 5.11860574
DSCF4839.JPG 3172.52944 0 1557 0 3173.95303 1037.5 0 0 1 0.997008099 0.0376652989 -0.0674994509 -0.0341397951 0.998029608 0.0526438537 0.069349297 -0.0501819311 0.996329488 0.326704992 -1.65739803 5.16563524
DSCF4840.JPG 3172.52944 0 1557 0 3173.95303 1037.5 0 0 1 0.99323654 -0.0470257208 -0.106159114 0.0523801554 0.99746212 0.0482248668 0.103621886 -0.0534593307 0.99317904 -0.144450821 -1.69163099 5.19266873
DSCF4841.JPG 3172.52944 0 1557 0 3173.95303 1037.5 0 0 1 0.981601985 -0.147929857 -0.12072407 0.152233654 0.987970444 0.0271903581 0.115249548 -0.0450683759 0.992313652 -0.372652246 -1.8682831 5.16269391
DSCF4842.JPG 3172.52944 0 1557 0 3173.95303 1037.5 0 0 1 0.975089747 -0.203682916 -0.0878251329 0.203242771 0.979027991 -0.0140202879 0.0888389565 -0.0041787844 0.996037237 -0.38457915 -2.18394239 5.11654679
DSCF4843.JPG 3172.52944 0 1557 0 3173.95303 1037.5 0 0 1 0.966271239 -0.254269397 -0.0408285021 0.253292875 0.966995271 -0.0276200242 0.0465038953 0.0163468663 0.998784345 -0.273714534 -2.39783442 5.16792063
DSCF4844.JPG 3172.52944 0 1557 0 3173.95303 1037.5 0 0 1 0.953511233 -0.30125131 -0.00799855843 0.301066213 0.95342072 -0.0186565009 0.0132462867 0.0153810875 0.999793958 -0.114379268 -2.52309537 5.27057778
DSCF4845.JPG 3172.52944 0 1557 0 3173.95303 1037.5 0 0 1 0.958700424 -0.281340157 -0.0417278525 0.279526128 0.959109338 -0.0444344682 0.0525227732 0.0309353185 0.998140453 -0.381699944 -2.84663759 5.2216119
DSCF4846.JPG 3172.52944 0 1557 0 3173.95303 1037.5 0 0 1 0.966812915 -0.252635869 -0.0380513451 0.251986742 0.967501411 -0.0210642419 0.0421363131 0.0107767466 0.999053749 -0.342843501 -2.87238874 5.26046283
DSCF4847.JPG 3172.52944 0 1557 0 3173.95303 1037.5 0 0 1 0.982979035 -0.171295472 -0.0664084179 0.170844344 0.985219292 -0.0124561698 0.0675605399 0.000898651161 0.997714772 -0.546953288 -2.90425743 5.20342476
DSCF4848.JPG 3172.52944 0 1557 0 3173.95303 1037.5 0 0 1 0.99179592 -0.0994512678 -0.0803137464 0.0998467515 0.995002408 0.000913292093 0.079821543 -0.00892486605 0.996769215 -0.567577166 -2.83445092 5.14619437
DSCF4849.JPG 3172.52944 0 1557 0 3173.95303 1037.5 0 0 1 0.980845184 -0.0200953606 -0.193749586 0.0283729977 0.998795028 0.0400432955 0.192711438 -0.0447735301 0.980233458 -1.07906606 -2.60361538 5.06154486
DSCF4850.JPG 3172.52944 0 1557 0 3173.95303 1037.5 0 0 1 0.937813822 0.087835871 -0.335842366 -0.0580653847 0.993520448 0.0977012338 0.342247931 -0.0721247513 0.936837432 -1.6989284 -2.26649635 4.90578628
DSCF4851.JPG 3172.52944 0 1557 0 3173.95303 1037.5 0 0 1 0.881634064 0.140731915 -0.45046188 -0.0937926595 0.987712335 0.125009124 0.462519529 -0.0679622839 0.88400046 -2.03807775 -2.10377932 4.71793172
DSCF4852.JPG 3172.52944 0 1557 0 3173.95303 1037.5 0 0 1 0.851422344 0.177926091 -0.493378454 -0.0979676994 0.978094707 0.18366566 0.515249767 -0.108041895 0.850202698 -2.07250837 -1.72812368 4.70050917
DSCF4853.JPG 3172.52944 0 1557 0 3173.95303 1037.5 0 0 1 0.849504249 0.237898574 -0.470899989 -0.116470364 0.955106825 0.272407062 0.514565045 -0.176565064 0.839075439 -1.81847847 -1.19046511 4.75284316
DSCF4854.JPG 3172.52944 0 1557 0 3173.95303 1037.5 0 0 1 0.824139863 0.284391165 -0.489811342 -0.11150082 0.92934211 0.351981263 0.555302667 -0.235467424 0.797617728 -1.77330487 -0.69653677 4.7199714
DSCF4855.JPG 3172.52944 0 1557 0 3173.95303 1037.5 0 0 1 0.748443823 0.321084112 -0.580290304 -0.122275923 0.926795846 0.355102885 0.651828538 -0.194819028 0.732915482 -2.11611067 -0.63225563 4.55942721
DSCF4856.JPG 3172.52944 0 1557 0 3173.95303 1037.5 0 0 1 0.754171226 0.308459415 -0.579722823 -0.190828843 0.947659764 0.255979147 0.628339172 -0.0824242718 0.773560679 -1.85717982 -1.24721056 4.57411101
DSCF4857.JPG 3172.52944 0 1557 0 3173.95303 1037.5 0 0 1 0.783768385 0.265058458 -0.561650366 -0.238874294 0.963440558 0.12133162 0.573276714 0.0390679468 0.818429902 -1.49675487 -2.06092095 4.44157286
DSCF4858.JPG 3172.52944 0 1557 0 3173.95303 1037.5 0 0 1 0.778039134 0.202000134 -0.594853807 -0.261768701 0.96501899 -0.0146797879 0.571079901 0.167135558 0.803699852 -1.52152442 -2.83397161 4.0128191
DSCF4859.JPG 3172.52944 0 1557 0 3173.95303 1037.5 0 0 1 0.849420539 0.104901743 -0.517185047 -0.201699997 0.970170024 -0.134488795 0.48764932 0.218553767 0.845241026 -1.01580697 -3.35633334 3.82943758
DSCF4860.JPG 3172.52944 0 1557 0 3173.95303 1037.5 0 0 1 0.931845409 0.0347988967 -0.361183016 -0.0845350164 0.988820969 -0.122828832 0.352871032 0.144990096 0.924370005 -0.426884944 -3.2331567 4.13692938
DSCF4861.JPG 3172.52944 0 1557 0 3173.95303 1037.5 0 0 1 0.987574119 -0.0344062927 -0.153341341 0.0186244215 0.994487064 -0.103192109 0.156046438 0.099053962 0.982770483 0.430428838 -3.08755908 4.40857585
DSCF4862.JPG 3172.52944 0 1557 0 3173.95303 1037.5 0 0 1 0.991478989 -0.106208276 0.0754268945 0.109802599 0.992924628 -0.0452114216 -0.070091394 0.0531082437 0.996125851 1.57198156 -2.71866363 4.46990604
DSCF4863.JPG 3172.52944 0 1557 0 3173.95303 1037.5 0 0 1 0.965691453 -0.178094304 0.189003799 0.167657165 0.983358832 0.0699748658 -0.19832068 -0.0358862886 0.979480006 2.19695684 -2.01151815 4.52397578
DSCF4864.JPG 3172.52944 0 1557 0 3173.95303 1037.5 0 0 1 0.924826416 -0.266189318 0.271733964 0.22571907 0.959024738 0.171238004 -0.306181321 -0.0970298922 0.947015416 2.59490113 -1.29678015 4.41432834
DSCF4865.JPG 3172.52944 0 1557 0 3173.95303 1037.5 0 0 1 0.946014341 -0.241259955 0.216449766 0.181707997 0.947748769 0.262210744 -0.268400952 -0.208724471 0.94042279 2.03884783 -0.788799147 4.71584109
DSCF4866.JPG 3172.52944 0 1557 0 3173.95303 1037.5 0 0 1 0.956761387 -0.212854863 0.198243427 0.158967182 0.953393672 0.25645651 -0.243592044 -0.213853487 0.946007189 1.64626231 -0.856180232 4.87719158
DSCF4867.JPG 3172.52944 0 1557 0 3173.95303 1037.5 0 0 1 0.967163073 -0.171679187 0.187408237 0.140539785 0.975637288 0.168464986 -0.211764396 -0.1365948 0.967728113 1.32919079 -1.44619661 4.87704077
DSCF4868.JPG 3172.52944 0 1557 0 3173.95303 1037.5 0 0 1 0.680362974 0.310517179 -0.663841325 -0.411128811 0.911563381 0.00503022202 0.606695413 0.269501918 0.747856532 -0.28444747 -1.44556372 1.32384004
DSCF4869.JPG 3172.52944 0 1557 0 3173.95303 1037.5 0 0 1 0.679914522 0.313399738 -0.662945584 -0.389651245 0.920280842 0.0354270929 0.621198962 0.234230177 0.747828907 -0.135791163 -1.38397678 1.42852954
DSCF4870.JPG 3172.52944 0 1557 0 3173.95303 1037.5 0 0 1 0.709011828 0.310045228 -0.633383126 -0.338989365 0.937432529 0.0794132514 0.618375645 0.158405209 0.769752786 0.0882846073 -1.2254132 1.5608306
DSCF4871.JPG 3172.52944 0 1557 0 3173.95303 1037.5 0 0 1 0.73184867 0.317130562 -0.603179684 -0.310807251 0.943031325 0.118704563 0.606462181 0.100598843 0.788722699 0.258641886 -1.0824625 1.65975191
DSCF4872.JPG 3172.52944 0 1557 0 3173.95303 1037.5 0 0 1 0.730038356 0.339644119 -0.593031088 -0.267380629 0.940537294 0.209516582 0.62892893 0.00560988401 0.777442558 0.351597021 -0.854468003 1.81201452
DSCF4873.JPG 3172.52944 0 1557 0 3173.95303 1037.5 0 0 1 0.726157777 0.340275363 -0.597417409 -0.192398993 0.934791437 0.298575949 0.660058718 -0.10187074 0.744274708 0.383148221 -0.541060182 1.93178134
DSCF4874.JPG 3172.52944 0 1557 0 3173.95303 1037.5 0 0 1 0.706329241 0.349516612 -0.615578704 -0.157758206 0.925456525 0.344445307 0.690080685 -0.1461792 0.708816119 0.292553007 -0.335865621 1.96889534
DSCF4875.JPG 3172.52944 0 1557 0 3173.95303 1037.5 0 0 1 0.681847905 0.393307493 -0.6167598 -0.13242609 0.895589199 0.424715571 0.719407232 -0.207916334 0.662739793 0.164459336 -0.074017516 1.98833448
DSCF4876.JPG 3172.52944 0 1557 0 3173.95303 1037.5 0 0 1 0.656614182 0.4303053 -0.619431324 -0.0897488042 0.860021942 0.502302112 0.748867791 -0.274225469 0.60332199 0.0500776272 0.209363333 1.99522615
DSCF4877.JPG 3172.52944 0 1557 0 3173.95303 1037.5 0 0 1 0.686588354 0.425803469 -0.589311325 -0.116680952 0.864581913 0.488757272 0.717622455 -0.266813645 0.643295027 0.11001701 0.207757966 2.03683714
DSCF4878.JPG 3172.52944 0 1557 0 3173.95303 1037.5 0 0 1 0.780071805 0.367556204 -0.506350093 -0.158644556 0.899010453 0.408181468 0.605243657 -0.238081169 0.759603497 0.407002229 -0.0172982115 2.07447808
DSCF4879.JPG 3172.52944 0 1557 0 3173.95303 1037.5 0 0 1 0.851627862 0.289472029 -0.43696216 -0.143746334 0.930687356 0.336389709 0.504050569 -0.22366714 0.834209826 0.679122803 -0.203345006 2.04924331
DSCF4880.JPG 3172.52944 0 1557 0 3173.95303 1037.5 0 0 1 0.891781862 0.212920296 -0.399236845 -0.154489278 0.972618006 0.173629712 0.425274234 -0.0931620157 0.900256999 0.821025017 -0.617116612 1.90251531
DSCF4881.JPG 3172.52944 0 1557 0 3173.95303 1037.5 0 0 1 0.899522863 0.174824874 -0.400368434 -0.166916199 0.984444213 0.0548504741 0.403729615 0.0174887219 0.91471118 0.802937866 -0.915274921 1.76056832
DSCF4882.JPG 3172.52944 0 1557 0 3173.95303 1037.5 0 0 1 0.89025723 0.165697662 -0.424247981 -0.201524901 0.978639009 -0.0406620787 0.408448012 0.121696242 0.904632658 0.667905846 -1.17855972 1.62780496
DSCF4883.JPG 3172.52944 0 1557 0 3173.95303 1037.5 0 0 1 0.828042559 0.215305001 -0.517676808 -0.281347265 0.958223403 -0.0514939406 0.484963129 0.188286128 0.854025232 0.295521735 -1.32226074 1.57369688
DSCF4884.JPG 3172.52944 0 1557 0 3173.95303 1037.5 0 0 1 0.727039932 0.29275519 -0.621053408 -0.393200296 0.919054145 -0.0270740732 0.562855634 0.263882316 0.783300491 -0.169531577 -1.41087111 1.48432273
DSCF4885.JPG 3172.52944 0 1557 0 3173.95303 1037.5 0 0 1 0.637536078 0.298904402 -0.710073171 -0.453661296 0.890584011 -0.0324275912 0.622687062 0.342806474 0.703380796 -0.516325244 -1.5426305 1.32101888
DSCF4886.JPG 3172.52944 0 1557 0 3173.95303 1037.5 0 0 1 0.564081502 0.317008637 -0.762441856 -0.510127215 0.859868875 -0.019893275 0.649293681 0.400163769 0.646750859 -0.817631995 -1.673703 1.17188604
DSCF4887.JPG 3172.52944 0 1557 0 3173.95303 1037.5 0 0 1 0.433375664 0.358912854 -0.826660206 -0.609812958 0.792174395 0.0242463316 0.663561369 0.493600336 0.562178814 -1.27189433 -1.70125796 0.918470244
DSCF4888.JPG 3172.52944 0 1557 0 3173.95303 1037.5 0 0 1 0.238145376 0.38519603 -0.891577702 -0.661552927 0.736434485 0.141463687 0.711079816 0.556136915 0.430206028 -1.78207671 -1.51677136 0.676035591
DSCF4889.JPG 3172.52944 0 1557 0 3173.95303 1037.5 0 0 1 0.0408356445 0.390572075 -0.919666192 -0.647755724 0.711155835 0.273257938 0.760752899 0.584560376 0.282035804 -2.19254869 -1.22578441 0.453468422
DSCF4890.JPG 3172.52944 0 1557 0 3173.95303 1037.5 0 0 1 -0.107102541 0.394917691 -0.912452225 -0.574696849 0.724298352 0.380940191 0.811327664 0.565183081 0.149383758 -2.45472665 -0.902791098 0.312942882
DSCF4891.JPG 3172.52944 0 1557 0 3173.95303 1037.5 0 0 1 -0.183168745 0.38832814 -0.903133692 -0.483229805 0.764465574 0.426709904 0.85611808 0.514581036 0.0476255317 -2.56385897 -0.663867725 0.241201291
DSCF4892.JPG 3172.52944 0 1557 0 3173.95303 1037.5 0 0 1 -0.206235536 0.383349249 -0.900283431 -0.367845318 0.822201561 0.434366683 0.906728584 0.420746891 -0.0285539535 -2.57604533 -0.468569721 0.274228977
DSCF4893.JPG 3172.52944 0 1557 0 3173.95303 1037.5 0 0 1 -0.174425706 0.390271655 -0.904026387 -0.277646469 0.861353862 0.425419749 0.944715889 0.325203874 -0.0418847088 -2.52998418 -0.330399688 0.419440151
DSCF4894.JPG 3172.52944 0 1557 0 3173.95303 1037.5 0 0 1 -0.126088767 0.396501819 -0.909333784 -0.185249683 0.891114073 0.414244209 0.974568714 0.220685336 -0.0389076382 -2.49288475 -0.181974822 0.590126035
DSCF4895.JPG 3172.52944 0 1557 0 3173.95303 1037.5 0 0 1 -0.147433148 0.366578901 -0.918631252 -0.0796970462 0.921357864 0.380457707 0.985855896 0.129304275 -0.106623435 -2.56256252 -0.0713777475 0.563652553
DSCF4896.JPG 3172.52944 0 1557 0 3173.95303 1037.5 0 0 1 -0.261789029 0.350496063 -0.899232458 -0.0651065365 0.923190406 0.37878835 0.962926603 0.157708545 -0.218861535 -2.72719613 -0.0266715154 0.284001172
DSCF4897.JPG 3172.52944 0 1557 0 3173.95303 1037.5 0 0 1 -0.354290157 0.348816012 -0.867643864 -0.117500313 0.903868164 0.411358747 0.927724184 0.247688781 -0.279245603 -2.87195446 -0.00815550909 0.0272859699
DSCF4898.JPG 3172.52944 0 1557 0 3173.95303 1037.5 0 0 1 -0.388308901 0.355322902 -0.850271623 -0.217558209 0.861245608 0.459265095 0.895480108 0.363320296 -0.257125921 -2.95614804 -0.053883352 -0.0792205572
DSCF4899.JPG 3172.52944 0 1557 0 3173.95303 1037.5 0 0 1 -0.352012547 0.34887086 -0.868548381 -0.341662973 0.816017279 0.466242655 0.871408962 0.460874087 -0.168052065 -2.93155397 -0.258911852 -0.0446259746
DSCF4900.JPG 3172.52944 0 1557 0 3173.95303 1037.5 0 0 1 -0.250948009 0.374300005 -0.892706336 -0.475985566 0.755309137 0.450495115 0.842889576 0.537966183 -0.0113819238 -2.84168991 -0.490097826 0.107978886
DSCF4901.JPG 3172.52944 0 1557 0 3173.95303 1037.5 0 0 1 -0.0878438311 0.395120229 -0.914419743 -0.582698909 0.724147149 0.368880587 0.807926632 0.565235271 0.166624266 -2.63816997 -0.822273647 0.324997485
DSCF4902.JPG 3172.52944 0 1557 0 3173.95303 1037.5 0 0 1 0.0917759563 0.391729575 -0.915491733 -0.600379565 0.75524128 0.26297336 0.794431591 0.525507897 0.304499423 -2.3344521 -1.11012367 0.5961949
DSCF4903.JPG 3172.52944 0 1557 0 3173.95303 1037.5 0 0 1 0.302006775 0.368475563 -0.879214233 -0.592238246 0.795231767 0.129847204 0.74702461 0.48148956 0.458390703 -1.83388628 -1.3539282 0.82330698
DSCF4904.JPG 3172.52944 0 1557 0 3173.95303 1037.5 0 0 1 0.503758143 0.327652598 -0.799294381 -0.534173365 0.845317522 0.00985406609 0.678886257 0.421997703 0.600858876 -1.25812771 -1.47267232 0.960512018
DSCF4905.JPG 3172.52944 0 1557 0 3173.95303 1037.5 0 0 1 0.679546329 0.268838979 -0.682599729 -0.410231772 0.910623228 -0.04975167 0.608215981 0.313832661 0.729096963 -0.746708673 -1.41637684 1.1388679
DSCF4906.JPG 3172.52944 0 1557 0 3173.95303 1037.5 0 0 1 0.844875799 0.197109417 -0.49732561 -0.263652202 0.96232309 -0.0664965176 0.465480828 0.187302291 0.865011821 -0.322158481 -1.3105324 1.34195964
DSCF4907.JPG 3172.52944 0 1557 0 3173.95303 1037.5 0 0 1 0.965242838 0.0248556219 -0.260170063 -0.0574309582 0.991307829 -0.118365842 0.254966564 0.129193597 0.958280265 0.172765923 -1.30603167 1.45651771
DSCF4908.JPG 3172.52944 0 1557 0 3173.95303 1037.5 0 0 1 0.989412953 -0.0989747471 -0.106141452 0.0859421991 0.988921857 -0.121026852 0.116944204 0.110623505 0.986958202 0.537393555 -1.24571879 1.56568092
DSCF4909.JPG 3172.52944 0 1557 0 3173.95303 1037.5 0 0 1 0.988777599 -0.136950387 -0.0596946493 0.134220245 0.989808292 -0.0475864602 0.065603243 0.0390401954 0.997081781 0.622688011 -1.10938107 1.7527191
DSCF4910.JPG 3172.52944 0 1557 0 3173.95303 1037.5 0 0 1 0.982978626 -0.168280726 0.0737198581 0.1731208 0.982749348 -0.0650608011 -0.0614996637 0.0767158177 0.995154498 0.938416699 -1.2202327 1.78230041
DSCF4911.JPG 3172.52944 0 1557 0 3173.95303 1037.5 0 0 1 0.961031292 -0.201502583 0.189250005 0.210806698 0.977061805 -0.0301788915 -0.178827827 0.0688980278 0.981465063 1.27354966 -1.19731432 1.88685921
DSCF4912.JPG 3172.52944 0 1557 0 3173.95303 1037.5 0 0 1 0.937899594 -0.234619608 0.255534715 0.227577463 0.972076932 0.0572270546 -0.261825991 0.00448071078 0.965104696 1.51700592 -1.00160989 2.09011336
DSCF4913.JPG 3172.52944 0 1557 0 3173.95303 1037.5 0 0 1 0.941278955 -0.233387908 0.243975437 0.197680055 0.966763802 0.162142985 -0.273708833 -0.104392702 0.956130555 1.42001798 -0.729865801 2.37173611
DSCF4914.JPG 3172.52944 0 1557 0 3173.95303 1037.5 0 0 1 0.952880114 -0.214464422 0.214533213 0.166957532 0.961249085 0.219374972 -0.253267981 -0.173220113 0.951761589 1.15875437 -0.593793383 2.64881449
DSCF4915.JPG 3172.52944 0 1557 0 3173.95303 1037.5 0 0 1 -0.995682382 0.0167383082 0.091304017 0.0918597834 0.319194264 0.943226803 -0.0133556976 0.947541477 -0.319353683 0.689809969 -1.97459616 1.31881207
DSCF4916.JPG 3172.52944 0 1557 0 3173.95303 1037.5 0 0 1 -0.998845332 0.0420794827 0.0231801612 0.0381992176 0.40303398 0.914387462 0.0291345587 0.914217112 -0.404176013 0.729502886 -1.7713053 1.50648249
DSCF4917.JPG 3172.52944 0 1557 0 3173.95303 1037.5 0 0 1 -0.99954595 0.0251812636 0.0165468131 0.0268583311 0.49569062 0.868083774 0.0136573463 0.868134041 -0.496141879 0.57200961 -1.53009567 1.75972026
DSCF4918.JPG 3172.52944 0 1557 0 3173.95303 1037.5 0 0 1 -0.99748341 -0.0187444924 0.0683775629 0.046805598 0.550305221 0.833650646 -0.0532548881 0.834753142 -0.548042981 0.199183936 -1.37123474 1.93340838
DSCF4919.JPG 3172.52944 0 1557 0 3173.95303 1037.5 0 0 1 -0.995754421 -0.0584551382 0.0711064705 0.0173630895 0.639335413 0.768731912 -0.0903972148 0.766702828 -0.635606103 0.0082408198 -1.03896364 2.15251156
DSCF4920.JPG 3172.52944 0 1557 0 3173.95303 1037.5 0 0 1 -0.997921351 -0.0510641465 0.0393119529 -0.00815569293 0.705188533 0.708972931 -0.0639254361 0.707178609 -0.704139157 0.0249246724 -0.726516068 2.30071949
DSCF4921.JPG 3172.52944 0 1557 0 3173.95303 1037.5 0 0 1 -0.998724717 -0.0486169377 -0.0136137006 -0.0456938552 0.755749689 0.653264479 -0.0214711685 0.653053445 -0.757007389 0.168568493 -0.440606481 2.39120903
DSCF4922.JPG 3172.52944 0 1557 0 3173.95303 1037.5 0 0 1 -0.991853193 0.0127517203 -0.126746351 -0.0670481248 0.793746298 0.604542276 0.108313401 0.608115292 -0.786424821 0.645682513 -0.159133979 2.37213875
DSCF4923.JPG 3172.52944 0 1557 0 3173.95303 1037.5 0 0 1 -0.965619218 0.0707578432 -0.250145666 -0.0877110282 0.817140587 0.569726282 0.244716779 0.57207918 -0.782840411 1.14896087 0.0269301778 2.24284938
DSCF4924.JPG 3172.52944 0 1557 0 3173.95303 1037.5 0 0 1 -0.944750376 0.11934152 -0.30529384 -0.0981080982 0.78572461 0.610746787 0.312764333 0.606955055 -0.730605251 1.50949023 -0.10794186 2.08951246
DSCF4925.JPG 3172.52944 0 1557 0 3173.95303 1037.5 0 0 1 -0.939805469 0.144735933 -0.309543518 -0.130760912 0.684590673 0.717103336 0.315701225 0.71441383 -0.624456256 1.63912862 -0.557823873 1.92031719
DSCF4926.JPG 3172.52944 0 1557 0 3173.95303 1037.5 0 0 1 -0.934183749 0.159773135 -0.319019229 -0.161322127 0.608368462 0.777086215 0.318238739 0.777406174 -0.542552989 1.60607251 -0.877039408 1.76680065
DSCF4927.JPG 3172.52944 0 1557 0 3173.95303 1037.5 0 0 1 -0.911547668 0.198945281 -0.35986334 -0.204953447 0.53888197 0.817068117 0.356475712 0.818551768 -0.450442082 1.5246109 -1.15330029 1.58959229
DSCF4928.JPG 3172.52944 0 1557 0 3173.95303 1037.5 0 0 1 -0.840907011 0.208561048 -0.4993773 -0.385948149 0.415738494 0.823532349 0.379367136 0.885247871 -0.269103664 1.46954298 -2.27358199 1.874871
DSCF4929.JPG 3172.52944 0 1557 0 3173.95303 1037.5 0 0 1 -0.825526883 0.231522119 -0.514687162 -0.37021073 0.466187162 0.803500806 0.425968756 0.853854226 -0.299138062 1.60652419 -2.18061671 2.08030812
DSCF4930.JPG 3172.52944 0 1557 0 3173.95303 1037.5 0 0 1 -0.760085245 0.273648529 -0.589395371 -0.397290793 0.522055583 0.754730412 0.514228011 0.807820804 -0.288088704 2.00416959 -1.97304706 2.13851683
DSCF4931.JPG 3172.52944 0 1557 0 3173.95303 1037.5 0 0 1 -0.634110919 0.345177181 -0.691922001 -0.444693115 0.569252529 0.69151977 0.632575194 0.746193187 -0.207471329 2.62348443 -1.68901052 1.86277526
DSCF4932.JPG 3172.52944 0 1557 0 3173.95303 1037.5 0 0 1 -0.503131653 0.40678966 -0.762483254 -0.456560644 0.624000022 0.634173755 0.733764893 0.667192735 -0.128230013 3.13427956 -1.3795436 1.53698756
DSCF4933.JPG 3172.52944 0 1557 0 3173.95303 1037.5 0 0 1 -0.401604247 0.428429553 -0.809420872 -0.419317533 0.699720935 0.578414575 0.814178626 0.571698113 -0.101362876 3.46981325 -0.985533458 1.35576712
DSCF4934.JPG 3172.52944 0 1557 0 3173.95303 1037.5 0 0 1 -0.347745963 0.440938474 -0.827433385 -0.342545386 0.761755779 0.54990071 0.872774543 0.47465924 -0.113856057 3.61400977 -0.665617053 1.27907427
DSCF4935.JPG 3172.52944 0 1557 0 3173.95303 1037.5 0 0 1 -0.346110456 0.454791343 -0.820592704 -0.213461209 0.813538364 0.540915559 0.91358736 0.362381242 -0.184493824 3.59775587 -0.405890087 1.37807758
DSCF4936.JPG 3172.52944 0 1557 0 3173.95303 1037.5 0 0 1 -0.338616035 0.44459267 -0.829262648 -0.110791753 0.856357037 0.504358814 0.934379135 0.262659444 -0.240719023 3.59031649 -0.0824354781 1.43275938
DSCF4937.JPG 3172.52944 0 1557 0 3173.95303 1037.5 0 0 1 -0.335345505 0.464015862 -0.819897965 -0.00896041681 0.868681718 0.495289596 0.942052601 0.173439767 -0.287150734 3.58967757 0.0616441451 1.44542679
DSCF4938.JPG 3172.52944 0 1557 0 3173.95303 1037.5 0 0 1 -0.360177325 0.447741267 -0.818413131 0.0706678875 0.887868105 0.454638624 0.930203389 0.105914996 -0.351430888 3.53537262 0.337354188 1.54372239
DSCF4939.JPG 3172.52944 0 1557 0 3173.95303 1037.5 0 0 1 -0.408900435 0.434129637 -0.802702867 0.119030198 0.897455866 0.424740839 0.904782983 0.0781308327 -0.41864463 3.40651402 0.503984779 1.71684797
DSCF4940.JPG 3172.52944 0 1557 0 3173.95303 1037.5 0 0 1 -0.426198465 0.439310223 -0.790797949 0.0154332424 0.877571371 0.479197563 0.904498028 0.192028689 -0.380799553 3.32020437 0.19847246 1.80980343
DSCF4941.JPG 3172.52944 0 1557 0 3173.95303 1037.5 0 0 1 -0.481897195 0.399013574 -0.780104647 -0.0790185822 0.866881754 0.492211426 0.872657525 0.298838069 -0.386218399 3.15524935 0.026834705 2.01573694
DSCF4942.JPG 3172.52944 0 1557 0 3173.95303 1037.5 0 0 1 -0.540906559 0.349806331 -0.76488929 -0.128896644 0.864191974 0.48637217 0.831147249 0.361673559 -0.422358244 2.96115389 -0.0429826993 2.23442994
DSCF4943.JPG 3172.52944 0 1557 0 3173.95303 1037.5 0 0 1 -0.620399943 0.303847715 -0.723035598 -0.121844731 0.87336896 0.471572393 0.774763043 0.380661563 -0.50481581 2.66712384 0.0164357299 2.52656753
DSCF4944.JPG 3172.52944 0 1557 0 3173.95303 1037.5 0 0 1 -0.692444246 0.281042279 -0.664481906 -0.0784703616 0.88620798 0.456593713 0.717191305 0.368307825 -0.591596127 2.3568172 0.133874201 2.7861135
DSCF4945.JPG 3172.52944 0 1557 0 3173.95303 1037.5 0 0 1 -0.732537888 0.285415949 -0.618001601 -0.00444398653 0.905831819 0.423614172 0.680711755 0.313059822 -0.662287743 2.15506016 0.364698254 2.91933982
DSCF4946.JPG 3172.52944 0 1557 0 3173.95303 1037.5 0 0 1 -0.743826942 0.28926415 -0.602534424 0.0463472479 0.921648273 0.385248483 0.666763386 0.258632389 -0.698953414 2.08760238 0.598378739 2.94428044
DSCF4947.JPG 3172.52944 0 1557 0 3173.95303 1037.5 0 0 1 -0.711527311 0.309721779 -0.630714916 0.0731681603 0.925391192 0.371883803 0.698838541 0.218457232 -0.681102879 2.25244979 0.686804884 2.84013069
DSCF4948.JPG 3172.52944 0 1557 0 3173.95303 1037.5 0 0 1 -0.670460438 0.329417237 -0.66480605 0.0107588637 0.900253496 0.435233144 0.741867271 0.284654047 -0.607128509 2.4559253 0.331745338 2.74397988
DSCF4949.JPG 3172.52944 0 1557 0 3173.95303 1037.5 0 0 1 -0.685795671 0.306133405 -0.660277696 -0.0984227759 0.859886534 0.500907282 0.721108351 0.40850641 -0.559575963 2.39522819 -0.110459292 2.75769319
DSCF4950.JPG 3172.52944 0 1557 0 3173.95303 1037.5 0 0 1 -0.740370549 0.274934243 -0.613402488 -0.187921906 0.791489744 0.581574881 0.645396628 0.545852679 -0.534329529 2.13518889 -0.625177947 2.80436041
DSCF4951.JPG 3172.52944 0 1557 0 3173.95303 1037.5 0 0 1 -0.819377721 0.201924371 -0.536513466 -0.240054655 0.729035083 0.641000476 0.520570757 0.654014064 -0.54888222 1.68705557 -1.02417674 2.90748578
DSCF4952.JPG 3172.52944 0 1557 0 3173.95303 1037.5 0 0 1 -0.860473293 0.158192189 -0.484314922 -0.282754874 0.64248748 0.712221538 0.423834158 0.749790017 -0.508113705 1.40345309 -1.48599065 2.81421859
DSCF4953.JPG 3172.52944 0 1557 0 3173.95303 1037.5 0 0 1 -0.834293865 0.156023603 -0.52878198 -0.377926402 0.536465952 0.754570021 0.401404262 0.829373811 -0.388604813 1.60596102 -1.90936341 2.43685197
DSCF4954.JPG 3172.52944 0 1557 0 3173.95303 1037.5 0 0 1 -0.756657165 0.215295297 -0.617347446 -0.486373448 0.445662195 0.751549118 0.436933408 0.868926431 -0.232499577 2.10431463 -2.12931178 1.90248457
DSCF4955.JPG 3172.52944 0 1557 0 3173.95303 1037.5 0 0 1 -0.646638187 0.316016038 -0.694257099 -0.589685383 0.370242843 0.717768337 0.483870028 0.873529679 -0.0530631224 2.626625 -2.16174055 1.23143381
DSCF4956.JPG 3172.52944 0 1557 0 3173.95303 1037.5 0 0 1 0.848859632 -0.269053345 0.45502486 0.290333863 0.956623875 0.0240210129 -0.441750579 0.111718657 0.890154688 1.41488347 -2.1201527 3.30467115
DSCF4957.JPG 3172.52944 0 1557 0 3173.95303 1037.5 0 0 1 0.818122632 -0.293222591 0.494667435 0.299814366 0.951557137 0.0681935545 -0.490700219 0.092517713 0.866402775 1.78506047 -1.98661136 3.43498801
DSCF4958.JPG 3172.52944 0 1557 0 3173.95303 1037.5 0 0 1 0.774382701 -0.310019028 0.551561089 0.294493016 0.948156249 0.119472137 -0.560004729 0.0699137327 0.825534235 2.23805587 -1.77884854 3.4865162
DSCF4959.JPG 3172.52944 0 1557 0 3173.95303 1037.5 0 0 1 0.753617769 -0.328833779 0.569147261 0.261879848 0.944387453 0.198875048 -0.602892365 -0.000827571607 0.797822105 2.4603846 -1.3925327 3.65214597
DSCF4960.JPG 3172.52944 0 1557 0 3173.95303 1037.5 0 0 1 0.784625064 -0.312363956 0.535529894 0.21688207 0.947513769 0.234903864 -0.580797448 -0.0681646273 0.811189193 2.20040532 -1.16818801 3.88233516
DSCF4961.JPG 3172.52944 0 1557 0 3173.95303 1037.5 0 0 1 0.809343848 -0.312409229 0.497356018 0.179456126 0.937841206 0.297067958 -0.55924774 -0.15117654 0.81509976 1.84080301 -0.776428948 4.06339711
DSCF4962.JPG 3172.52944 0 1557 0 3173.95303 1037.5 0 0 1 0.803270929 -0.361472949 0.47338475 0.19399487 0.910227043 0.36585888 -0.56313569 -0.202049589 0.801282821 1.675567 -0.388732576 4.16780797
DSCF4963.JPG 3172.52944 0 1557 0 3173.95303 1037.5 0 0 1 0.803071247 -0.427357446 0.415261587 0.215549119 0.858031785 0.466175968 -0.555531412 -0.284863247 0.781177176 1.45217022 0.141441027 4.32644761
DSCF4964.JPG 3172.52944 0 1557 0 3173.95303 1037.5 0 0 1 0.801633849 -0.439966289 0.404737985 0.207927028 0.839955441 0.501239671 -0.560490431 -0.31765472 0.764817596 1.47743584 0.373780979 4.43392614
DSCF4965.JPG 3172.52944 0 1557 0 3173.95303 1037.5 0 0 1 0.757764935 -0.413417983 0.50485431 0.139781906 0.858573648 0.493266977 -0.637380045 -0.303210921 0.708385358 2.11787116 0.409890799 4.33777391
DSCF4966.JPG 3172.52944 0 1557 0 3173.95303 1037.5 0 0 1 0.684313616 -0.41072282 0.602512771 0.124495058 0.879955335 0.458453475 -0.718481632 -0.238716093 0.653298379 2.81661906 0.224709 4.08201754
DSCF4967.JPG 3172.52944 0 1557 0 3173.95303 1037.5 0 0 1 0.618912479 -0.406237045 0.672249066 0.104211425 0.89076986 0.442344928 -0.778516103 -0.203716762 0.593643124 3.30001393 0.150344144 3.80544689
DSCF4968.JPG 3172.52944 0 1557 0 3173.95303 1037.5 0 0 1 0.582475326 -0.410931059 0.701326 0.156786503 0.903396646 0.399114636 -0.797584156 -0.122515976 0.5906347 3.54492292 -0.175050302 3.62369462
DSCF4969.JPG 3172.52944 0 1557 0 3173.95303 1037.5 0 0 1 0.574372299 -0.407253434 0.710099361 0.238134323 0.913072729 0.33104416 -0.783191232 -0.0210435648 0.621424704 3.60202929 -0.668298297 3.46964246
DSCF4970.JPG 3172.52944 0 1557 0 3173.95303 1037.5 0 0 1 0.578433367 -0.408485081 0.706084116 0.327537528 0.909049364 0.257581872 -0.747083668 0.0822750968 0.659618679 3.56307679 -1.14976675 3.29475716
DSCF4971.JPG 3172.52944 0 1557 0 3173.95303 1037.5 0 0 1 0.544561071 -0.427314622 0.721703162 0.437776129 0.878779911 0.18999455 -0.71540569 0.212480781 0.66561747 3.6490576 -1.55174595 2.90282533
DSCF4972.JPG 3172.52944 0 1557 0 3173.95303 1037.5 0 0 1 0.510333601 -0.433465897 0.742742844 0.514000899 0.846177695 0.140664087 -0.689465512 0.309984879 0.65463477 3.67748691 -1.81738279 2.515384
DSCF4973.JPG 3172.52944 0 1557 0 3173.95303 1037.5 0 0 1 0.558563667 -0.380750787 0.736909403 0.551083615 0.834342717 0.0133820535 -0.619930221 0.398623969 0.675859048 3.47404649 -2.4465422 2.27289845
DSCF4974.JPG 3172.52944 0 1557 0 3173.95303 1037.5 0 0 1 0.679464986 -0.336382753 0.652053661 0.523357969 0.845059968 -0.109407891 -0.514221518 0.415596311 0.750237253 3.08098082 -3.06559784 2.42522849
DSCF4975.JPG 3172.52944 0 1557 0 3173.95303 1037.5 0 0 1 0.857654913 -0.222929389 0.463390265 0.372325672 0.89077185 -0.260574568 -0.354685274 0.396015151 0.846977188 1.9526146 -3.82612795 2.80001606
DSCF4976.JPG 3172.52944 0 1557 0 3173.95303 1037.5 0 0 1 0.958463414 -0.14036408 0.248285742 0.204712356 0.944702151 -0.256184889 -0.198596918 0.296371003 0.93419671 0.618159594 -3.85864079 3.43368257
DSCF4977.JPG 3172.52944 0 1557 0 3173.95303 1037.5 0 0 1 0.986265166 -0.0778133246 0.145691825 0.109800748 0.967828987 -0.226386499 -0.123388885 0.23927419 0.963079979 -0.128423215 -3.76088038 3.78167771
