194
_DSC8679.JPG 4649.50598 0 2473 0 4627.30037 1643 0 0 1 0.635684066 0.158935283 -0.755410712 -0.0380442207 0.983836581 0.174980627 0.771011287 -0.0824933848 0.631455807 0.00276712566 -1.10243913 3.8377925
_DSC8680.JPG 4649.50598 0 2473 0 4627.30037 1643 0 0 1 0.609137784 0.158927312 -0.776977007 0.225899129 0.904358729 0.362084069 0.760210986 -0.396077517 0.514977531 -0.129734885 -0.0375319876 4.12638859
_DSC8681.JPG 4649.50598 0 2473 0 4627.30037 1643 0 0 1 0.439289825 0.242684359 -0.864944363 0.0148151567 0.96073135 0.277084434 0.898223224 -0.134534659 0.4184441 0.0444128053 -0.832854731 3.91070297
_DSC8682.JPG 4649.50598 0 2473 0 4627.30037 1643 0 0 1 0.470172859 0.201583967 -0.859244661 0.345445768 0.853859893 0.389346253 0.812160516 -0.479882473 0.331825418 0.220618446 0.488876269 4.08607308
_DSC8683.JPG 4649.50598 0 2473 0 4627.30037 1643 0 0 1 0.172963997 0.239278691 -0.955420935 -0.00513117803 0.970247001 0.242062859 0.984914781 -0.0369657248 0.169045581 0.183195513 -1.00511757 3.72614911
_DSC8684.JPG 4649.50598 0 2473 0 4627.30037 1643 0 0 1 0.188173918 0.228741974 -0.955127052 0.409048267 0.865886542 0.287958352 0.892899822 -0.444879317 0.069370755 0.249294643 0.562120555 3.90618386
_DSC8685.JPG 4649.50598 0 2473 0 4627.30037 1643 0 0 1 -0.0937482134 0.22021429 -0.970936115 0.0578351486 0.974788789 0.215503859 0.993914668 -0.0359511328 -0.104120834 0.458156583 -0.758487777 3.66957239
_DSC8686.JPG 4649.50598 0 2473 0 4627.30037 1643 0 0 1 -0.118382821 0.198085039 -0.973009674 0.430988535 0.893035859 0.129367063 0.894558209 -0.404041176 -0.191092486 0.398782623 0.587595478 3.84386536
_DSC8687.JPG 4649.50598 0 2473 0 4627.30037 1643 0 0 1 -0.350780113 0.21591274 -0.911227195 0.0209439801 0.974622779 0.222871688 0.936223618 0.0590942315 -0.34640036 0.649334961 -0.80758382 3.69050649
_DSC8688.JPG 4649.50598 0 2473 0 4627.30037 1643 0 0 1 -0.330238546 0.220310321 -0.917826708 0.390668446 0.917086187 0.079568149 0.85925588 -0.332289464 -0.3889255 0.757033904 0.502791441 3.84005937
_DSC8689.JPG 4649.50598 0 2473 0 4627.30037 1643 0 0 1 -0.559231044 0.190883018 -0.80673683 0.0113386174 0.974800772 0.222788894 0.828934301 0.115443186 -0.547303203 0.772597712 -0.874730018 3.72299083
_DSC8690.JPG 4649.50598 0 2473 0 4627.30037 1643 0 0 1 -0.573491458 0.171249813 -0.801112382 0.415292013 0.903710711 -0.104112899 0.706144526 -0.392403432 -0.589389052 0.724736818 0.964873948 3.8213525
_DSC8691.JPG 4649.50598 0 2473 0 4627.30037 1643 0 0 1 -0.799359303 0.128616822 -0.586926245 -0.015537743 0.972069752 0.23417723 0.600652381 0.196311256 -0.775034585 0.594591777 -0.872531078 3.90920485
_DSC8692.JPG 4649.50598 0 2473 0 4627.30037 1643 0 0 1 -0.762467875 0.153909589 -0.628454117 0.260810075 0.962000281 -0.0808304611 0.592132455 -0.225537795 -0.773635482 0.793802649 0.631944735 4.05416053
_DSC8693.JPG 4649.50598 0 2473 0 4627.30037 1643 0 0 1 -0.91288518 0.110739686 -0.392908856 -0.00874890578 0.95697274 0.290045912 0.408122658 0.268216137 -0.872637382 0.530682806 -1.09550453 3.96607802
_DSC8694.JPG 4649.50598 0 2473 0 4627.30037 1643 0 0 1 -0.902798443 0.104663485 -0.417133702 0.176779605 0.974515965 -0.138085499 0.392050943 -0.198404105 -0.898293866 0.653500987 0.644103211 4.22130517
_DSC8695.JPG 4649.50598 0 2473 0 4627.30037 1643 0 0 1 -0.995367431 0.0702769868 -0.0656111419 0.0512712055 0.965286648 0.256111209 0.0813322833 0.251560794 -0.964418077 0.284232977 -0.936339901 4.29988871
_DSC8696.JPG 4649.50598 0 2473 0 4627.30037 1643 0 0 1 -0.999686108 -0.000544971943 0.0250477327 -0.00715759405 0.964307623 -0.264687699 -0.0240094722 -0.264783897 -0.964008835 -0.125167506 1.15807143 4.37735638
_DSC8697.JPG 4649.50598 0 2473 0 4627.30037 1643 0 0 1 -0.949302791 -0.0265895543 0.313236662 0.0682742123 0.955194527 0.287996611 -0.306859647 0.294781973 -0.904953449 -0.0654681485 -1.03442937 4.31092591
_DSC8698.JPG 4649.50598 0 2473 0 4627.30037 1643 0 0 1 -0.946867714 -0.0631248751 0.315367694 -0.14654414 0.957527457 -0.248326367 -0.286297655 -0.281347507 -0.915902415 -0.0496434609 1.36849722 4.38321566
_DSC8699.JPG 4649.50598 0 2473 0 4627.30037 1643 0 0 1 -0.814511119 -0.0824489168 0.57425936 0.0812975907 0.963861602 0.253695711 -0.574423483 0.25332388 -0.778373094 -0.038838774 -0.92923776 4.17979434
_DSC8700.JPG 4649.50598 0 2473 0 4627.30037 1643 0 0 1 -0.831161131 -0.102484678 0.546505321 -0.233101175 0.956551741 -0.175135971 -0.504811863 -0.272957244 -0.818937926 0.0888434172 1.14484469 4.27320085
_DSC8701.JPG 4649.50598 0 2473 0 4627.30037 1643 0 0 1 -0.661395245 -0.124631491 0.739610249 0.0901214982 0.965747983 0.243328891 -0.744603549 0.227591355 -0.627509147 0.170327069 -0.998609437 4.00622561
_DSC8702.JPG 4649.50598 0 2473 0 4627.30037 1643 0 0 1 -0.630479365 -0.171640452 0.756990968 -0.303862511 0.951988361 -0.0372254511 -0.714257198 -0.253491055 -0.652364116 0.0501599953 0.763028218 4.13722275
_DSC8703.JPG 4649.50598 0 2473 0 4627.30037 1643 0 0 1 -0.437943208 -0.185821197 0.879588671 0.134640417 0.953812865 0.268538593 -0.888863153 0.236032838 -0.392696822 0.0700546418 -1.14133201 3.77050742
_DSC8704.JPG 4649.50598 0 2473 0 4627.30037 1643 0 0 1 -0.409571758 -0.204331685 0.889100409 -0.453225712 0.891387148 -0.00392510645 -0.791730654 -0.404570778 -0.457695375 -0.0070704263 1.2501043 3.81875311
_DSC8705.JPG 4649.50598 0 2473 0 4627.30037 1643 0 0 1 -0.165909267 -0.223711945 0.960430675 0.119182438 0.962240543 0.244721645 -0.978912489 0.155068058 -0.132982088 0.0999319856 -0.931441749 3.68390656
_DSC8706.JPG 4649.50598 0 2473 0 4627.30037 1643 0 0 1 -0.150855319 -0.272770858 0.950178263 -0.198173663 0.950011017 0.241259749 -0.968488447 -0.151904991 -0.197370215 0.0712293625 -0.207443653 3.97085056
_DSC8707.JPG 4649.50598 0 2473 0 4627.30037 1643 0 0 1 0.0854222666 -0.24023681 0.966948453 0.139385805 0.963833398 0.227149243 -0.986546823 0.115375285 0.115818435 0.234707757 -1.06018391 3.76040459
_DSC8708.JPG 4649.50598 0 2473 0 4627.30037 1643 0 0 1 0.10435454 -0.246473577 0.96351487 -0.281689066 0.92180724 0.26631313 -0.953814133 -0.299202588 0.0267658586 0.188706272 0.254179861 4.0265036
_DSC8709.JPG 4649.50598 0 2473 0 4627.30037 1643 0 0 1 0.386309988 -0.206163109 0.899033573 0.0869687061 0.978499601 0.187015975 -0.918259787 0.00594164745 0.395933908 0.171402235 -0.889546383 3.85694367
_DSC8710.JPG 4649.50598 0 2473 0 4627.30037 1643 0 0 1 0.38975449 -0.248981489 0.886622612 -0.208047352 0.914063511 0.348143933 -0.897110772 -0.320150147 0.304460418 0.18282977 0.0297029834 4.22454227
_DSC8711.JPG 4649.50598 0 2473 0 4627.30037 1643 0 0 1 0.627645661 -0.178935153 0.757656344 0.129042997 0.983676338 0.125414377 -0.767729659 0.0190544556 0.640490514 0.123616394 -1.24767838 3.92435861
_DSC8712.JPG 4649.50598 0 2473 0 4627.30037 1643 0 0 1 0.664547058 -0.211078214 0.716814617 -0.172056933 0.890276563 0.42166818 -0.727168219 -0.403551273 0.555313201 -0.040780478 0.0804671941 4.37678817
_DSC8713.JPG 4649.50598 0 2473 0 4627.30037 1643 0 0 1 0.786927975 -0.148461276 0.598918703 0.116203505 0.988913183 0.092452488 -0.606004215 -0.00315699687 0.795455168 -0.0771331326 -1.2247845 3.87035125
_DSC8714.JPG 4649.50598 0 2473 0 4627.30037 1643 0 0 1 0.828714497 -0.16621061 0.534421478 -0.143314327 0.860025686 0.489710959 -0.541011355 -0.482420826 0.688895392 -0.315812261 0.288705315 4.32736128
_DSC8715.JPG 4649.50598 0 2473 0 4627.30037 1643 0 0 1 0.933225378 -0.097924023 0.34568957 0.0695159335 0.993173229 0.0936721487 -0.35250238 -0.0633862933 0.933661743 -0.420035945 -1.13666768 4.01930177
_DSC8716.JPG 4649.50598 0 2473 0 4627.30037 1643 0 0 1 0.942627927 -0.135166378 0.305258319 -0.0587601989 0.832921957 0.550261985 -0.328633276 -0.536629354 0.777193095 -0.46294644 0.426162365 4.36171382
_DSC8717.JPG 4649.50598 0 2473 0 4627.30037 1643 0 0 1 0.998813374 -0.0226077179 0.0431362285 0.0164273747 0.990212568 0.1385973 -0.0458474043 -0.137724222 0.989408942 -0.621881154 -0.837259827 4.01909268
_DSC8718.JPG 4649.50598 0 2473 0 4627.30037 1643 0 0 1 0.994664621 -0.0796643742 0.0655429559 0.0357290209 0.86204878 0.505564375 -0.0967766948 -0.500525212 0.860295754 -0.425428811 0.196124818 4.41913929
_DSC8719.JPG 4649.50598 0 2473 0 4627.30037 1643 0 0 1 0.98232017 0.033632509 -0.184162803 -0.0121880564 0.993132459 0.1163588 0.186811495 -0.11205701 0.975983961 -0.6974858 -0.923641713 3.86295655
_DSC8720.JPG 4649.50598 0 2473 0 4627.30037 1643 0 0 1 0.985463236 0.021473842 -0.168526212 0.0827559995 0.805654752 0.586576394 0.148369992 -0.591996027 0.792166049 -0.59060306 0.700212507 4.20990274
_DSC8721.JPG 4649.50598 0 2473 0 4627.30037 1643 0 0 1 0.896201196 0.101434089 -0.431896449 -0.0561275209 0.991612762 0.116420928 0.440083081 -0.0800952983 0.894377786 -0.708865914 -0.951183654 3.59469907
_DSC8722.JPG 4649.50598 0 2473 0 4627.30037 1643 0 0 1 0.889921649 0.0681434462 -0.450994379 0.184754518 0.850172787 0.493023326 0.417019456 -0.522075381 0.743997359 -0.668621407 0.254001551 4.02038143
_DSC8723.JPG 4649.50598 0 2473 0 4627.30037 1643 0 0 1 0.788055222 0.131602596 -0.601373198 0.0228159368 0.969967239 0.242163145 0.615181599 -0.204558824 0.761385111 -0.523414313 -0.860427413 3.66340909
_DSC8724.JPG 4649.50598 0 2473 0 4627.30037 1643 0 0 1 0.775867046 0.133277705 -0.616658236 0.217383721 0.86110197 0.459616922 0.592262311 -0.490653086 0.639128238 -0.594287844 0.033537727 3.89030327
_DSC8725.JPG 4649.50598 0 2473 0 4627.30037 1643 0 0 1 0.679993278 0.158563584 -0.715867817 -0.0134264939 0.978865572 0.204063522 0.733095404 -0.129150228 0.667750962 -0.102636338 -0.652231552 3.29030045
_DSC8726.JPG 4649.50598 0 2473 0 4627.30037 1643 0 0 1 0.644760134 0.158619528 -0.74774609 0.300710134 0.846718854 0.438908416 0.702750158 -0.507845476 0.498232062 -0.229480383 0.196876084 3.70592402
_DSC8727.JPG 4649.50598 0 2473 0 4627.30037 1643 0 0 1 0.470719377 0.198543213 -0.859653337 -0.136662971 0.978999094 0.151274603 0.871634385 0.0462748922 0.487967349 -0.0263984498 -0.937964401 3.24200768
_DSC8728.JPG 4649.50598 0 2473 0 4627.30037 1643 0 0 1 0.444474587 0.239134342 -0.863282751 0.235819847 0.898480406 0.370299824 0.864194041 -0.368168068 0.342959084 -0.164383618 0.275112148 3.51418783
_DSC8729.JPG 4649.50598 0 2473 0 4627.30037 1643 0 0 1 0.283035444 0.226524511 -0.931975098 -0.209403533 0.96286105 0.170436964 0.935970671 0.146919177 0.319958838 0.0696474749 -1.15376338 3.12880632
_DSC8730.JPG 4649.50598 0 2473 0 4627.30037 1643 0 0 1 0.327081644 0.211572256 -0.92100748 0.263968588 0.915364524 0.30402035 0.907379845 -0.34255652 0.243550504 0.251598942 0.258976665 3.50632171
_DSC8731.JPG 4649.50598 0 2473 0 4627.30037 1643 0 0 1 0.15188635 0.226156376 -0.962176611 -0.206742705 0.95920642 0.192822451 0.966534009 0.169635897 0.192446543 0.299839646 -1.06532289 3.14580669
_DSC8732.JPG 4649.50598 0 2473 0 4627.30037 1643 0 0 1 0.160517795 0.265450409 -0.950668248 0.254728775 0.9193895 0.299726872 0.953597026 -0.290274055 0.0799605172 0.320037113 0.166845194 3.58336121
_DSC8733.JPG 4649.50598 0 2473 0 4627.30037 1643 0 0 1 -0.13141379 0.229164003 -0.964476166 -0.183317595 0.950516459 0.250824878 0.974230504 0.209767299 -0.0829011762 0.338158426 -0.883629068 3.11749173
_DSC8734.JPG 4649.50598 0 2473 0 4627.30037 1643 0 0 1 -0.101196824 0.203607518 -0.973808596 0.209947554 0.961160194 0.179145488 0.972461427 -0.186319779 -0.140013259 0.468686858 0.0671333511 3.55767647
_DSC8735.JPG 4649.50598 0 2473 0 4627.30037 1643 0 0 1 -0.301171331 0.192173268 -0.93400496 -0.251867532 0.928666229 0.272289886 0.919705701 0.317251432 -0.231285437 0.530179252 -1.04712312 3.14766223
_DSC8736.JPG 4649.50598 0 2473 0 4627.30037 1643 0 0 1 -0.308060104 0.198542575 -0.930419163 0.200981421 0.969490802 0.140335505 0.929895393 -0.143765195 -0.338564806 0.517343987 0.0950708922 3.6194531
_DSC8737.JPG 4649.50598 0 2473 0 4627.30037 1643 0 0 1 -0.449187339 0.181470291 -0.874813847 -0.242285701 0.917721821 0.314776585 0.859958356 0.353348543 -0.368261366 0.694659922 -0.906717325 3.21772674
_DSC8738.JPG 4649.50598 0 2473 0 4627.30037 1643 0 0 1 -0.413096179 0.182048287 -0.892305983 0.138237338 0.980996855 0.136145541 0.900134426 -0.0671088013 -0.430411924 0.889236731 -0.00251077904 3.61204636
_DSC8739.JPG 4649.50598 0 2473 0 4627.30037 1643 0 0 1 -0.618371026 0.156576305 -0.770130596 -0.206812402 0.912989587 0.351679747 0.75818593 0.376741124 -0.532184386 0.716859113 -1.11680477 3.35462397
_DSC8741.JPG 4649.50598 0 2473 0 4627.30037 1643 0 0 1 -0.651556401 0.17417939 -0.73833312 0.179484303 0.98104505 0.0730478962 0.737061491 -0.0849243815 -0.670468648 0.682526489 0.175398082 3.79059669
_DSC8742.JPG 4649.50598 0 2473 0 4627.30037 1643 0 0 1 -0.838738857 0.120785042 -0.530969022 -0.108184164 0.918689633 0.379875697 0.533679038 0.376058948 -0.757473664 0.432583343 -0.991124855 3.74530913
_DSC8743.JPG 4649.50598 0 2473 0 4627.30037 1643 0 0 1 -0.787208515 0.156364439 -0.596534087 0.124515833 0.987699413 0.0945815865 0.603985564 0.000177491348 -0.796995236 0.816228784 0.0897317621 4.1253381
_DSC8744.JPG 4649.50598 0 2473 0 4627.30037 1643 0 0 1 -0.960582814 0.077206765 -0.26705762 -0.0503890798 0.896390039 0.440392823 0.273389095 0.436490565 -0.857166488 0.290041661 -1.15335647 3.85690955
_DSC8745.JPG 4649.50598 0 2473 0 4627.30037 1643 0 0 1 -0.947275212 0.0677865491 -0.313168736 0.0630771301 0.997691514 0.0251578847 0.314151156 0.00407765551 -0.949364221 0.473993038 0.264544879 4.3486934
_DSC8746.JPG 4649.50598 0 2473 0 4627.30037 1643 0 0 1 -0.999626936 0.0161191479 -0.0220490892 0.00486835571 0.899507685 0.436877813 0.0268754233 0.436607487 -0.899250585 0.131657264 -1.00669696 3.95584213
_DSC8747.JPG 4649.50598 0 2473 0 4627.30037 1643 0 0 1 -0.998214821 0.0312900615 -0.0508733939 0.0287562005 0.998345227 0.049798487 0.0523474077 0.0482466623 -0.997462786 0.301929599 0.147766216 4.39532954
_DSC8748.JPG 4649.50598 0 2473 0 4627.30037 1643 0 0 1 -0.982799332 -0.0198328183 0.183608639 0.0741552476 0.868163924 0.490706023 -0.16913448 0.495881096 -0.851760217 0.279605275 -1.17149608 4.0344804
_DSC8749.JPG 4649.50598 0 2473 0 4627.30037 1643 0 0 1 -0.974136077 0.0180289299 0.225241782 0.0484531918 0.990291651 0.130287121 -0.220706119 0.137831068 -0.965552384 0.112857594 -0.14397405 4.50911134
_DSC8750.JPG 4649.50598 0 2473 0 4627.30037 1643 0 0 1 -0.861909623 -0.0789514106 0.500877706 0.178394533 0.877436082 0.445287898 -0.47464428 0.473151769 -0.742186103 -0.159324248 -1.26603076 3.85455327
_DSC8751.JPG 4649.50598 0 2473 0 4627.30037 1643 0 0 1 -0.893717198 -0.0747814607 0.442354273 -0.0141092285 0.990207021 0.138891994 -0.448408853 0.117888887 -0.886020153 0.124465101 -0.140310945 4.35080931
_DSC8752.JPG 4649.50598 0 2473 0 4627.30037 1643 0 0 1 -0.771684602 -0.128314058 0.622927266 0.205032722 0.876956846 0.434635793 -0.602050213 0.463122221 -0.650425514 0.0845588129 -1.29246133 3.82140695
_DSC8753.JPG 4649.50598 0 2473 0 4627.30037 1643 0 0 1 -0.812997362 -0.122951337 0.569138171 -0.0610800332 0.990067213 0.126633892 -0.57905485 0.0681900417 -0.812431904 0.352257043 0.00745102123 4.26377261
_DSC8754.JPG 4649.50598 0 2473 0 4627.30037 1643 0 0 1 -0.596704423 -0.153255263 0.787690711 0.285644891 0.876734872 0.386966355 -0.749900545 0.455904363 -0.479374993 0.10877732 -1.30274327 3.56866506
_DSC8755.JPG 4649.50598 0 2473 0 4627.30037 1643 0 0 1 -0.600037388 -0.173601267 0.780908275 -0.119931696 0.984658649 0.126742782 -0.790930795 -0.0176052456 -0.611652298 0.121076102 0.112468155 4.10424296
_DSC8756.JPG 4649.50598 0 2473 0 4627.30037 1643 0 0 1 -0.361455687 -0.169796242 0.916798245 0.337815376 0.892622693 0.298505444 -0.869040021 0.417605034 -0.265283767 0.0550156739 -1.33471987 3.30633562
_DSC8757.JPG 4649.50598 0 2473 0 4627.30037 1643 0 0 1 -0.421051115 -0.200475877 0.884604647 -0.0849561978 0.979697769 0.181589446 -0.903049502 0.00130579142 -0.429534507 0.293224392 -0.190546834 3.86625213
_DSC8758.JPG 4649.50598 0 2473 0 4627.30037 1643 0 0 1 -0.143234996 -0.235680142 0.961217252 0.311850522 0.911008158 0.26983956 -0.939272584 0.33840657 -0.0569912744 0.134631155 -1.22176458 3.37302665
_DSC8759.JPG 4649.50598 0 2473 0 4627.30037 1643 0 0 1 -0.125707018 -0.212621636 0.969014853 -0.0970494797 0.974713742 0.201282188 -0.987309042 -0.0687398036 -0.143163177 0.055660521 -0.204260475 3.92280798
_DSC8760.JPG 4649.50598 0 2473 0 4627.30037 1643 0 0 1 0.164051928 -0.23926003 0.956996135 0.299168646 0.936515951 0.182855118 -0.939992067 0.256305503 0.225216347 0.0725542754 -1.22647506 3.53466231
_DSC8761.JPG 4649.50598 0 2473 0 4627.30037 1643 0 0 1 0.136123685 -0.242389917 0.96058184 -0.137863506 0.955538198 0.260653806 -0.981052494 -0.167910337 0.0966546566 0.19888154 0.0106851137 4.0557039
_DSC8762.JPG 4649.50598 0 2473 0 4627.30037 1643 0 0 1 0.319345253 -0.270300705 0.908270961 0.345571993 0.925673219 0.153977563 -0.882382348 0.264701002 0.389017702 0.217934811 -1.18048856 3.63152088
_DSC8763.JPG 4649.50598 0 2473 0 4627.30037 1643 0 0 1 0.279529719 -0.233160526 0.931396427 -0.101855723 0.957391007 0.270236696 -0.954719094 -0.170407245 0.243870505 0.385075899 -0.0377861948 4.21794659
_DSC8764.JPG 4649.50598 0 2473 0 4627.30037 1643 0 0 1 0.600957562 -0.231505617 0.765019711 0.259415973 0.9618141 0.087275367 -0.756011483 0.146009541 0.638065711 -0.0466163188 -1.36791977 3.95625616
_DSC8765.JPG 4649.50598 0 2473 0 4627.30037 1643 0 0 1 0.572363849 -0.216860157 0.790804209 -0.104600004 0.937208392 0.332714996 -0.813300967 -0.273152159 0.51374063 0.119314145 -0.000426807397 4.42707731
_DSC8766.JPG 4649.50598 0 2473 0 4627.30037 1643 0 0 1 0.760814215 -0.193250919 0.619528703 0.233074026 0.972309215 0.0170671939 -0.605671717 0.131411086 0.784788441 -0.168514225 -1.50968619 3.98032631
_DSC8767.JPG 4649.50598 0 2473 0 4627.30037 1643 0 0 1 0.726691888 -0.176719193 0.663844279 -0.0901626899 0.933450979 0.347188651 -0.68102099 -0.312153162 0.662397777 0.0798530401 0.00416141227 4.47821417
_DSC8768.JPG 4649.50598 0 2473 0 4627.30037 1643 0 0 1 0.92565666 -0.101804492 0.364411298 0.0961618899 0.994796798 0.0336484877 -0.36594076 0.00389553236 0.930629994 -0.496031687 -1.30256406 3.98020182
_DSC8769.JPG 4649.50598 0 2473 0 4627.30037 1643 0 0 1 0.898841044 -0.105065723 0.425494972 -0.0728829092 0.921490256 0.381502018 -0.432172256 -0.373920983 0.820615768 -0.17401456 0.00814823501 4.44844159
_DSC8770.JPG 4649.50598 0 2473 0 4627.30037 1643 0 0 1 0.999622419 -0.00673066494 0.0266405163 0.00656016366 0.999957471 0.00648230767 -0.0266830135 -0.00630509393 0.999624061 -0.738065803 -1.25898403 3.91540384
_DSC8771.JPG 4649.50598 0 2473 0 4627.30037 1643 0 0 1 0.998774863 -0.0210951016 -0.0447634858 0.0369412608 0.919727519 0.390815346 0.0329259203 -0.391990163 0.919380006 -1.01167176 -0.0804834328 4.33303738
_DSC8772.JPG 4649.50598 0 2473 0 4627.30037 1643 0 0 1 0.975920841 0.0321844415 -0.215737512 -0.030895936 0.999478937 0.00934322199 0.215925806 -0.00245283269 0.976406693 -0.621645261 -1.19462594 3.66430015
_DSC8773.JPG 4649.50598 0 2473 0 4627.30037 1643 0 0 1 0.970808389 0.0542808682 -0.233633601 0.0587229938 0.890624899 0.450931147 0.232556836 -0.451487405 0.861438588 -0.731018216 0.198299396 4.10421609
_DSC8774.JPG 4649.50598 0 2473 0 4627.30037 1643 0 0 1 0.90747305 0.116601945 -0.40360457 -0.135817531 0.990547723 -0.0192043374 0.397550325 0.072243995 0.914731952 -0.534340069 -0.969756625 3.29721285
_DSC8775.JPG 4649.50598 0 2473 0 4627.30037 1643 0 0 1 0.91278249 0.0819915194 -0.400131875 0.098954011 0.906068362 0.411397893 0.396277971 -0.415111447 0.818929946 -0.514879441 0.0774326536 3.87183601
_DSC8776.JPG 4649.50598 0 2473 0 4627.30037 1643 0 0 1 0.798153621 0.153741492 -0.582506953 -0.171342749 0.984889957 0.02516814 0.577574635 0.0797203003 0.812435976 -0.242683414 -0.827205202 3.11278984
_DSC8777.JPG 4649.50598 0 2473 0 4627.30037 1643 0 0 1 0.831939621 0.125623132 -0.540458413 0.117150027 0.912309295 0.392387082 0.542358127 -0.389757077 0.744269496 -0.0524330435 -0.0626319687 3.63376786
_DSC8778.JPG 4649.50598 0 2473 0 4627.30037 1643 0 0 1 0.619790222 0.221186753 -0.752951858 -0.230557063 0.968439083 0.0947057659 0.750135668 0.114900662 0.651225243 -0.058811094 -0.813054183 2.84383078
_DSC8779.JPG 4649.50598 0 2473 0 4627.30037 1643 0 0 1 0.6409146 0.173502542 -0.747746844 0.198310289 0.903625844 0.379648999 0.74155344 -0.39160848 0.544739657 0.0397883365 0.0260751236 3.41933563
_DSC8780.JPG 4649.50598 0 2473 0 4627.30037 1643 0 0 1 0.425981321 0.202728291 -0.881726235 -0.346561431 0.936800432 0.0479596189 0.83572429 0.285142404 0.469317292 0.0578950994 -0.93201911 2.8285876
_DSC8781.JPG 4649.50598 0 2473 0 4627.30037 1643 0 0 1 0.416042102 0.193826564 -0.888448216 -0.0378457652 0.979863772 0.196047663 0.908557465 -0.0479400793 0.415000098 0.0149277321 -0.227442162 2.90512251
_DSC8782.JPG 4649.50598 0 2473 0 4627.30037 1643 0 0 1 0.14457016 0.208491088 -0.967280174 -0.387362281 0.911455291 0.138563037 0.910521791 0.354655774 0.212530821 0.316155812 -0.805496734 2.89023317
_DSC8783.JPG 4649.50598 0 2473 0 4627.30037 1643 0 0 1 0.156327282 0.208434799 -0.965461918 -0.0812583241 0.976880215 0.197742588 0.984357082 0.047539256 0.169650091 0.327036972 -0.391327596 2.93859032
_DSC8784.JPG 4649.50598 0 2473 0 4627.30037 1643 0 0 1 -0.0978318414 0.215646461 -0.971558302 -0.36571406 0.900146302 0.236621769 0.92557126 0.378461675 -0.00919802743 0.584846991 -0.782758119 3.11219186
_DSC8785.JPG 4649.50598 0 2473 0 4627.30037 1643 0 0 1 -0.0953585501 0.220961903 -0.970609388 -0.0775026897 0.970444925 0.228538796 0.992421322 0.0970179665 -0.0754150792 0.574893773 -0.428977976 3.08084372
_DSC8786.JPG 4649.50598 0 2473 0 4627.30037 1643 0 0 1 -0.325446207 0.204376603 -0.923209061 -0.392872412 0.858868734 0.328627093 0.860079086 0.469653811 -0.199221643 0.635486157 -0.959578828 3.09746216
_DSC8787.JPG 4649.50598 0 2473 0 4627.30037 1643 0 0 1 -0.295659495 0.207975967 -0.932379462 0.0404937274 0.977864946 0.205281283 0.954434765 0.0229378408 -0.297536778 0.70840393 0.00410105126 3.17006038
_DSC8788.JPG 4649.50598 0 2473 0 4627.30037 1643 0 0 1 -0.551722764 0.190170893 -0.812057278 -0.352557869 0.829210182 0.433720443 0.755847167 0.525590626 -0.390447889 0.660887576 -1.03875253 3.29251282
_DSC8789.JPG 4649.50598 0 2473 0 4627.30037 1643 0 0 1 -0.51463987 0.227596933 -0.826647108 0.0357915234 0.968987404 0.244504353 0.856659075 0.096244729 -0.506825592 0.756634391 -0.117103479 3.34252301
_DSC8790.JPG 4649.50598 0 2473 0 4627.30037 1643 0 0 1 -0.762252642 0.150271153 -0.629594704 -0.272162149 0.808108962 0.522386514 0.587280746 0.569542348 -0.575085071 0.634909944 -1.00048514 3.33978766
_DSC8791.JPG 4649.50598 0 2473 0 4627.30037 1643 0 0 1 -0.717937288 0.150113431 -0.679729364 -0.0317063762 0.968406199 0.247354279 0.695385329 0.199136615 -0.690495368 0.839119991 -0.284267813 3.3126182
_DSC8792.JPG 4649.50598 0 2473 0 4627.30037 1643 0 0 1 -0.931798382 0.0859811964 -0.352645728 -0.152582257 0.788747514 0.59547965 0.329348494 0.608674455 -0.721834452 0.377332693 -1.05392294 3.47263153
_DSC8793.JPG 4649.50598 0 2473 0 4627.30037 1643 0 0 1 -0.928084081 0.091677721 -0.360908762 -0.00535993647 0.965829629 0.259122362 0.372332124 0.242421787 -0.895879717 0.390045798 -0.322740997 3.55272246
_DSC8794.JPG 4649.50598 0 2473 0 4627.30037 1643 0 0 1 -0.991197216 0.0353621467 -0.127583691 -0.0525521608 0.779410679 0.624305425 0.121516871 0.625514598 -0.770691338 0.364070823 -1.10951778 3.55866093
_DSC8795.JPG 4649.50598 0 2473 0 4627.30037 1643 0 0 1 -0.999391555 0.0235950032 -0.0256864728 0.0152292506 0.957740735 0.287229444 0.031378161 0.286663495 -0.957517337 0.269954075 -0.308507708 3.67811658
_DSC8796.JPG 4649.50598 0 2473 0 4627.30037 1643 0 0 1 -0.915062022 -0.0720902216 0.396817962 0.203129519 0.767614972 0.607869767 -0.348424875 0.63684398 -0.687771656 0.0367860626 -1.2031655 3.61390918
_DSC8797.JPG 4649.50598 0 2473 0 4627.30037 1643 0 0 1 -0.916245331 -0.0521329193 0.397211092 0.0679098793 0.956936369 0.282242865 -0.394819884 0.285578264 -0.87324814 0.0321641135 -0.263502331 3.78865059
_DSC8798.JPG 4649.50598 0 2473 0 4627.30037 1643 0 0 1 -0.709966141 -0.105047927 0.696356957 0.366706597 0.789033627 0.492901824 -0.60122737 0.605302296 -0.521665391 0.0361335666 -1.1917895 3.55409636
_DSC8799.JPG 4649.50598 0 2473 0 4627.30037 1643 0 0 1 -0.72375434 -0.11665487 0.680125942 0.104733061 0.955619439 0.275358809 -0.682063517 0.270523805 -0.679416094 0.0794500189 -0.370083359 3.69434981
_DSC8800.JPG 4649.50598 0 2473 0 4627.30037 1643 0 0 1 -0.364202452 -0.20017163 0.909553678 0.452024674 0.815887426 0.360557072 -0.814266706 0.542456474 -0.206665685 0.13443632 -1.07867905 3.25405187
_DSC8801.JPG 4649.50598 0 2473 0 4627.30037 1643 0 0 1 -0.352552028 -0.242651599 0.903784968 0.0308692661 0.962255416 0.270391571 -0.935282928 0.123226276 -0.331754622 0.0625223824 -0.189068649 3.37698999
_DSC8802.JPG 4649.50598 0 2473 0 4627.30037 1643 0 0 1 0.0294480932 -0.256678229 0.966048185 0.49218073 0.844909827 0.209488695 -0.869994793 0.469301258 0.151213061 0.134419467 -1.1798089 3.28795988
_DSC8803.JPG 4649.50598 0 2473 0 4627.30037 1643 0 0 1 0.00636050837 -0.265107428 0.964197903 0.0436653047 0.963371347 0.264592119 -0.999025968 0.0404190548 0.0177035281 0.230612087 -0.170675906 3.43176007
_DSC8804.JPG 4649.50598 0 2473 0 4627.30037 1643 0 0 1 0.474532598 -0.250390587 0.843874024 0.415163359 0.909023811 0.0362642497 -0.776181808 0.333137006 0.535314427 0.0482039056 -1.27228492 3.87124011
_DSC8805.JPG 4649.50598 0 2473 0 4627.30037 1643 0 0 1 0.465094386 -0.251490248 0.848787292 0.0344254944 0.963211645 0.266529946 -0.884591486 -0.0947416595 0.456642005 0.117804686 -0.0572629904 3.98536864
_DSC8806.JPG 4649.50598 0 2473 0 4627.30037 1643 0 0 1 0.787785612 -0.19138421 0.585462137 0.264880041 0.963388326 -0.0414909346 -0.556086678 0.187763196 0.809637319 -0.241556381 -1.09232247 4.18424205
_DSC8807.JPG 4649.50598 0 2473 0 4627.30037 1643 0 0 1 0.803363604 -0.199018973 0.561247154 0.0474761636 0.960904045 0.272780919 -0.593593239 -0.192496401 0.781403994 -0.338264479 -0.134946711 4.28227654
_DSC8808.JPG 4649.50598 0 2473 0 4627.30037 1643 0 0 1 0.9655605 -0.0662418305 0.25160473 0.0952901408 0.989888824 -0.105070951 -0.242100619 0.12542781 0.962109742 -0.490412516 -0.943626191 4.010716
_DSC8809.JPG 4649.50598 0 2473 0 4627.30037 1643 0 0 1 0.967102079 -0.0504768018 0.249330427 -0.0033243709 0.977524873 0.210793909 -0.254366896 -0.204688094 0.945198533 -0.549858286 -0.333028823 4.09229942
_DSC8810.JPG 4649.50598 0 2473 0 4627.30037 1643 0 0 1 0.992748909 0.0368713579 -0.114412007 -0.0574099278 0.981660855 -0.181785767 0.1056111 0.187036007 0.976659525 -0.599628907 -1.0521975 3.53332105
_DSC8811.JPG 4649.50598 0 2473 0 4627.30037 1643 0 0 1 0.998065603 -0.00894134328 -0.0615231982 0.0225865787 0.974134092 0.224839091 0.0579214814 -0.225793762 0.972451685 -0.411918569 0.061049289 3.66425507
_DSC8812.JPG 4649.50598 0 2473 0 4627.30037 1643 0 0 1 0.91331578 0.136881407 -0.38355934 -0.205515726 0.968015301 -0.143908527 0.351592908 0.210261404 0.912234931 -0.447580157 -0.925446954 3.29897976
_DSC8813.JPG 4649.50598 0 2473 0 4627.30037 1643 0 0 1 0.945181262 0.0750817376 -0.317797286 0.0113048208 0.965100965 0.26163396 0.326350399 -0.250884158 0.911346562 -0.224775204 0.101220918 3.4110065
_DSC8814.JPG 4649.50598 0 2473 0 4627.30037 1643 0 0 1 0.806702798 0.162713449 -0.568115242 -0.272477003 0.955473989 -0.113250777 0.524391913 0.246158058 0.815119214 -0.256255185 -0.911039392 3.18960477
_DSC8815.JPG 4649.50598 0 2473 0 4627.30037 1643 0 0 1 0.814617996 0.158218268 -0.558000448 0.00103670015 0.961674545 0.274191528 0.579996936 -0.223939833 0.783233366 -0.247626974 0.161272156 3.23249845
_DSC8816.JPG 4649.50598 0 2473 0 4627.30037 1643 0 0 1 0.52393277 0.207194707 -0.826174803 -0.397470531 0.917351125 -0.0220020495 0.753333677 0.339907733 0.562984107 -0.168640053 -0.959885812 2.8970408
_DSC8817.JPG 4649.50598 0 2473 0 4627.30037 1643 0 0 1 0.566157445 0.208234925 -0.79756126 -0.0257068088 0.971554999 0.23541462 0.823896175 -0.112778985 0.555406152 -0.0412604142 -0.113241815 3.00544194
_DSC8818.JPG 4649.50598 0 2473 0 4627.30037 1643 0 0 1 0.362187825 0.227770963 -0.903847536 -0.500112649 0.865777944 0.0177733112 0.786579505 0.445588308 0.42748537 0.0690546237 -0.823813134 2.96877401
_DSC8819.JPG 4649.50598 0 2473 0 4627.30037 1643 0 0 1 0.344165718 0.233322874 -0.909456098 -0.0474687407 0.971716077 0.231332194 0.937708205 -0.036445875 0.345506905 -0.0177767507 0.433440052 3.0047283
_DSC8820.JPG 4649.50598 0 2473 0 4627.30037 1643 0 0 1 0.171396575 0.218724285 -0.960615897 -0.517620347 0.849616954 0.101095043 0.838267493 0.47990699 0.258837576 0.267179713 -0.764462593 3.04344434
_DSC8821.JPG 4649.50598 0 2473 0 4627.30037 1643 0 0 1 0.158118756 0.229680912 -0.96033595 -0.0656003188 0.972865563 0.221876531 0.985238579 0.0279155035 0.168895433 0.237844683 0.392098847 3.12548348
_DSC8822.JPG 4649.50598 0 2473 0 4627.30037 1643 0 0 1 -0.0475463715 0.213035638 -0.975886858 -0.473629094 0.855370276 0.209802699 0.879440063 0.472183765 0.0602301231 0.39141265 -0.566443061 3.17082654
_DSC8823.JPG 4649.50598 0 2473 0 4627.30037 1643 0 0 1 -0.0522034022 0.210046795 -0.97629665 -0.0980727705 0.97182553 0.214328883 0.993809105 0.106936814 -0.0301327278 0.348685472 0.38074658 3.16161261
_DSC8824.JPG 4649.50598 0 2473 0 4627.30037 1643 0 0 1 -0.203237704 0.204896629 -0.957450681 -0.512444026 0.810982026 0.282328308 0.834323412 0.548019639 -0.0598240714 0.678424995 -0.760960938 3.14648704
_DSC8825.JPG 4649.50598 0 2473 0 4627.30037 1643 0 0 1 -0.201589943 0.219284293 -0.954607717 -0.0741508193 0.968402963 0.238112069 0.976659178 0.118785943 -0.178960188 0.668263124 0.419061099 3.15559495
_DSC8826.JPG 4649.50598 0 2473 0 4627.30037 1643 0 0 1 -0.417842615 0.189860011 -0.888459749 -0.453604617 0.80371383 0.385080423 0.787178761 0.563912454 -0.24970451 0.718113247 -0.773756843 3.28608134
_DSC8827.JPG 4649.50598 0 2473 0 4627.30037 1643 0 0 1 -0.523626301 0.184605089 -0.831706954 -0.143117385 0.943307625 0.299479779 0.839841004 0.275847213 -0.467520485 0.736220567 0.00503207345 3.43094799
_DSC8828.JPG 4649.50598 0 2473 0 4627.30037 1643 0 0 1 -0.684524125 0.172627872 -0.708255844 -0.319877083 0.801901363 0.504611588 0.655061351 0.57197362 -0.493701129 0.837274237 -0.676372138 3.64620506
_DSC8829.JPG 4649.50598 0 2473 0 4627.30037 1643 0 0 1 -0.659640298 0.1631049 -0.733669864 -0.0460451799 0.965564341 0.256057309 0.75016966 0.20268768 -0.629414955 0.908365955 0.454378564 3.52185862
_DSC8830.JPG 4649.50598 0 2473 0 4627.30037 1643 0 0 1 -0.875222257 0.0940913383 -0.474481633 -0.239716297 0.767611757 0.594397415 0.420145329 0.633970827 -0.649275668 0.580511881 -0.772274469 3.77669588
_DSC8831.JPG 4649.50598 0 2473 0 4627.30037 1643 0 0 1 -0.832909208 0.111317011 -0.542098492 -0.0452839832 0.962566875 0.267234675 0.551553817 0.2471306 -0.796689936 0.851501061 0.48496085 3.72266961
_DSC8832.JPG 4649.50598 0 2473 0 4627.30037 1643 0 0 1 -0.96583282 0.0472159176 -0.25482861 -0.130870463 0.759839143 0.63680248 0.223695966 0.648394273 -0.727698413 0.747320848 -0.87338626 3.97546607
_DSC8833.JPG 4649.50598 0 2473 0 4627.30037 1643 0 0 1 -0.960882592 0.0797906499 -0.265213302 0.00672540716 0.964040686 0.265669578 0.276874362 0.253493606 -0.926866538 0.815031262 0.555411528 4.03004441
_DSC8834.JPG 4649.50598 0 2473 0 4627.30037 1643 0 0 1 -0.99909014 0.0260087952 -0.0337999194 -0.00211975767 0.761260716 0.648442464 0.0425957581 0.64792412 -0.760512943 0.587884281 -0.942136859 4.11474714
_DSC8835.JPG 4649.50598 0 2473 0 4627.30037 1643 0 0 1 -0.999567516 0.0292903736 0.00261803786 0.0289508126 0.964526171 0.262394961 0.00516048042 0.262357274 -0.964957009 0.464348347 0.577570637 4.19385439
_DSC8836.JPG 4649.50598 0 2473 0 4627.30037 1643 0 0 1 -0.963311849 -0.0495694919 0.263767221 0.146688519 0.725768274 0.672118212 -0.224750439 0.686151061 -0.691869902 0.275717242 -1.03515105 4.05635706
_DSC8837.JPG 4649.50598 0 2473 0 4627.30037 1643 0 0 1 -0.948045738 -0.0525896336 0.313757244 0.0548345518 0.944469224 0.323992371 -0.313372701 0.324364325 -0.892516294 0.0743777293 0.279454094 4.13355835
_DSC8838.JPG 4649.50598 0 2473 0 4627.30037 1643 0 0 1 -0.819070734 -0.118174369 0.561389304 0.32410835 0.712110531 0.622777945 -0.473367626 0.69205015 -0.544967596 0.204864311 -1.15813849 3.87480761
_DSC8839.JPG 4649.50598 0 2473 0 4627.30037 1643 0 0 1 -0.781011409 -0.146862387 0.607002981 0.0885069704 0.936117024 0.340369554 -0.618213309 0.3195565 -0.718119731 -0.0850783107 0.227232872 4.04604189
_DSC8840.JPG 4649.50598 0 2473 0 4627.30037 1643 0 0 1 -0.586826838 -0.144539499 0.796707347 0.503268627 0.705692211 0.498717549 -0.634314553 0.693618654 -0.341376933 0.245099752 -1.1969869 3.47978153
_DSC8841.JPG 4649.50598 0 2473 0 4627.30037 1643 0 0 1 -0.550141312 -0.174880809 0.816554493 0.14382257 0.943371757 0.298939453 -0.82259322 0.281897909 -0.493835968 0.0500406124 0.202045833 3.68879296
_DSC8842.JPG 4649.50598 0 2473 0 4627.30037 1643 0 0 1 -0.29142957 -0.21834429 0.931340205 0.541880493 0.764647265 0.348826735 -0.788311066 0.606333514 -0.104524312 0.160429741 -1.00396855 3.49598384
_DSC8843.JPG 4649.50598 0 2473 0 4627.30037 1643 0 0 1 -0.262758363 -0.216593938 0.94023673 0.174076309 0.947845764 0.266994093 -0.949028704 0.23382787 -0.211350529 0.0378444738 0.106550435 3.61255122
_DSC8844.JPG 4649.50598 0 2473 0 4627.30037 1643 0 0 1 0.111268905 -0.270969096 0.95613544 0.549859896 0.818209324 0.167891625 -0.827812374 0.507059416 0.240036294 0.183726459 -1.0588022 3.58889633
_DSC8845.JPG 4649.50598 0 2473 0 4627.30037 1643 0 0 1 0.140790902 -0.242625763 0.959849291 0.160599775 0.962262378 0.219678921 -0.976926627 0.123222787 0.174443431 0.0959861703 0.109772935 3.7631783
_DSC8846.JPG 4649.50598 0 2473 0 4627.30037 1643 0 0 1 0.471228411 -0.232750984 0.85074718 0.502004081 0.863858318 -0.0417218094 -0.725214235 0.446739058 0.523916527 0.0872401863 -1.18489934 3.68142117
_DSC8847.JPG 4649.50598 0 2473 0 4627.30037 1643 0 0 1 0.447472535 -0.253453563 0.857630236 0.0948354098 0.967039605 0.236306258 -0.889255068 -0.0244068455 0.456760036 0.179451263 0.360405495 3.93212363
_DSC8848.JPG 4649.50598 0 2473 0 4627.30037 1643 0 0 1 0.823052319 -0.137476283 0.551076357 0.278244294 0.94345433 -0.180205548 -0.495141387 0.301652446 0.814764266 -0.430392582 -0.948911338 3.98351513
_DSC8849.JPG 4649.50598 0 2473 0 4627.30037 1643 0 0 1 0.940981949 -0.112596598 0.319178598 0.065340229 0.985734699 0.155105631 -0.332089786 -0.125096396 0.934915646 -1.41741871 0.22604689 3.76228654
_DSC8850.JPG 4649.50598 0 2473 0 4627.30037 1643 0 0 1 0.952430339 -0.0810157254 0.293790574 0.154314111 0.959502564 -0.235673471 -0.262799552 0.269798595 0.926361222 -0.577361892 -0.910134752 3.75841814
_DSC8851.JPG 4649.50598 0 2473 0 4627.30037 1643 0 0 1 0.924635785 -0.104291648 0.36629485 0.026800763 0.97720949 0.210578564 -0.379908389 -0.184891494 0.90635796 -0.297982952 0.502670973 3.88038538
_DSC8852.JPG 4649.50598 0 2473 0 4627.30037 1643 0 0 1 0.99991475 -0.0115148828 -0.00615624063 0.00919397857 0.955686685 -0.29424213 0.00927160083 0.294160445 0.955711081 -0.522641364 -0.964803664 3.53979292
_DSC8853.JPG 4649.50598 0 2473 0 4627.30037 1643 0 0 1 0.999525684 -0.0273442957 0.0141667207 0.0239700193 0.979587193 0.199585495 -0.019335063 -0.199151252 0.979778003 -0.393610445 0.522009353 3.6958037
_DSC8854.JPG 4649.50598 0 2473 0 4627.30037 1643 0 0 1 0.931769759 0.0929998949 -0.350936085 -0.179449914 0.958272988 -0.222509794 0.315599183 0.270303347 0.909578615 -0.730762681 -0.786800798 3.63749102
_DSC8855.JPG 4649.50598 0 2473 0 4627.30037 1643 0 0 1 0.950235934 0.028089458 -0.310262232 0.0457293377 0.972562022 0.228105108 0.308156612 -0.230941757 0.922878869 -0.55996714 0.62050009 3.62242839
_DSC8856.JPG 4649.50598 0 2473 0 4627.30037 1643 0 0 1 0.775935438 0.114759304 -0.62028582 -0.301222389 0.931368055 -0.204496012 0.554246578 0.345519679 0.757249551 -0.342018006 -0.687514507 3.07954855
_DSC8857.JPG 4649.50598 0 2473 0 4627.30037 1643 0 0 1 0.760954184 0.113236783 -0.638847526 0.0365347681 0.975610646 0.216446477 0.64777615 -0.188045998 0.738257924 -0.423513943 0.598939532 3.07498567
_DSC8858.JPG 4649.50598 0 2473 0 4627.30037 1643 0 0 1 0.584589377 0.168150384 -0.793713241 -0.434349148 0.891150597 -0.131116098 0.685270806 0.421397748 0.593993149 -0.121445099 -0.711687513 2.93828457
_DSC8859.JPG 4649.50598 0 2473 0 4627.30037 1643 0 0 1 0.563041687 0.174593486 -0.807775447 -0.0707542094 0.984024351 0.163370492 0.823394134 -0.0348308846 0.566399955 -0.226215464 0.314150125 2.9742454
_DSC8860.JPG 4649.50598 0 2473 0 4627.30037 1643 0 0 1 0.347741456 0.237700834 -0.906958761 -0.6082016 0.793380584 -0.0252598951 0.713559173 0.560397682 0.420461347 0.228644412 -0.468776585 2.5042264
_DSC8861.JPG 4649.50598 0 2473 0 4627.30037 1643 0 0 1 -0.0851705422 0.22018006 -0.971733873 -0.627766698 0.745493069 0.223939851 0.773727957 0.629095244 0.0747276603 0.372246147 -0.534795402 2.57492481
_DSC8862.JPG 4649.50598 0 2473 0 4627.30037 1643 0 0 1 -0.591069356 0.167491104 -0.789039762 -0.526150353 0.661391851 0.534534027 0.611394163 0.731100232 -0.302802952 0.557677829 -0.71073776 2.68031808
_DSC8863.JPG 4649.50598 0 2473 0 4627.30037 1643 0 0 1 -0.947751663 0.0849270463 -0.307496639 -0.193744601 0.612540417 0.766327128 0.253436019 0.785863623 -0.564082042 0.542281179 -0.899232517 2.79964166
_DSC8864.JPG 4649.50598 0 2473 0 4627.30037 1643 0 0 1 -0.976107014 -0.0232024342 0.216048012 0.158124195 0.606115508 0.779500307 -0.149036355 0.795038136 -0.587964733 0.296603 -0.966579669 2.87996009
_DSC8865.JPG 4649.50598 0 2473 0 4627.30037 1643 0 0 1 -0.694897791 -0.138632317 0.705618977 0.504744445 0.604880854 0.615915739 -0.512201236 0.784155745 -0.350356477 0.114162578 -0.991078254 2.78579709
_DSC8866.JPG 4649.50598 0 2473 0 4627.30037 1643 0 0 1 -0.348729001 -0.197854205 0.916101412 0.65387951 0.648904197 0.38905646 -0.671438508 0.734695214 -0.0969189016 0.13251003 -0.980903343 2.74116238
_DSC8867.JPG 4649.50598 0 2473 0 4627.30037 1643 0 0 1 0.0470895691 -0.301231217 0.952387698 0.65978238 0.725238665 0.196764047 -0.749979856 0.619103087 0.232898225 0.214521018 -1.0282233 3.10639129
_DSC8868.JPG 4649.50598 0 2473 0 4627.30037 1643 0 0 1 0.411298175 -0.283808645 0.866190778 0.620483503 0.783299341 -0.0379784785 -0.667708045 0.553077567 0.498268172 -0.0432981385 -1.10446854 3.1102068
_DSC8869.JPG 4649.50598 0 2473 0 4627.30037 1643 0 0 1 0.801229764 -0.196841186 0.565052575 0.40402941 0.87452873 -0.268253121 -0.441351448 0.443230243 0.780228076 -0.410540938 -1.01836846 3.13149252
_DSC8870.JPG 4649.50598 0 2473 0 4627.30037 1643 0 0 1 0.970525675 -0.120502803 0.208707904 0.197616077 0.893610972 -0.402997911 -0.137941295 0.432363857 0.891085683 -0.402248956 -0.903653042 2.93814686
_DSC8871.JPG 4649.50598 0 2473 0 4627.30037 1643 0 0 1 0.95729232 0.0201927771 -0.288415786 -0.141183445 0.903183116 -0.405373278 0.252306656 0.42878026 0.867461146 -0.591224986 -0.820753269 2.75581858
_DSC8872.JPG 4649.50598 0 2473 0 4627.30037 1643 0 0 1 0.779448887 0.137572577 -0.61117364 -0.356202442 0.899864799 -0.251720408 0.51534382 0.413904736 0.750402304 -0.286991472 -0.384328654 2.48162618
_DSC8873.JPG 4649.50598 0 2473 0 4627.30037 1643 0 0 1 0.603755211 0.238190237 -0.760752954 -0.51377669 0.845941692 -0.142885153 0.609518792 0.47712479 0.633118296 -0.185952633 -0.294456802 2.16994323
