263
IMG_6292.jpg 1035.4966 0 666 0 1034.97186 438 0 0 1 0.540820925 0.00374615485 0.841129415 -0.840451005 0.0428073338 0.540194076 -0.033982857 -0.999076323 0.0262995615 3.12442 0.188422336 1.63034882
IMG_6293.jpg 1035.4966 0 666 0 1034.97186 438 0 0 1 0.562957179 -0.0139321203 0.826368629 -0.826163831 0.0184315575 0.563128407 -0.0230768336 -0.999733051 -0.00113403632 3.16081977 -0.118683675 1.59011308
IMG_6294.jpg 1035.4966 0 666 0 1034.97186 438 0 0 1 0.53771549 -0.0400120502 0.842176399 -0.600574554 0.682888398 0.415900999 -0.591753544 -0.729426125 0.343169451 3.24118702 -1.19658075 0.935752835
IMG_6295.jpg 1035.4966 0 666 0 1034.97186 438 0 0 1 0.549314779 0.115958129 0.827530656 -0.8325611 -0.0086474902 0.553865721 0.0713812958 -0.993216458 0.091792033 4.02089453 0.167525506 1.89583517
IMG_6296.jpg 1035.4966 0 666 0 1034.97186 438 0 0 1 0.514332792 -0.0395053156 0.856680284 -0.834737919 0.206009522 0.510659068 -0.196658043 -0.977752222 0.0729808674 4.25262385 -0.450917647 1.06939821
IMG_6298.jpg 1035.4966 0 666 0 1034.97186 438 0 0 1 0.515167695 -0.0818478361 0.853172419 -0.521018215 0.760484722 0.387560327 -0.680545565 -0.644176931 0.349132948 4.34888256 -1.03251553 0.388532239
IMG_6299.jpg 1035.4966 0 666 0 1034.97186 438 0 0 1 0.522217138 -0.00517305428 0.852796869 -0.852808723 -0.000168390554 0.522223376 -0.00255788693 -0.999986605 -0.00449956224 5.48235796 0.0312243442 1.25845781
IMG_6300.jpg 1035.4966 0 666 0 1034.97186 438 0 0 1 0.504164714 0.00652565261 0.863582861 -0.846330142 0.20275498 0.49256036 -0.171881448 -0.979207758 0.107744763 5.42193429 -0.682619653 1.21754286
IMG_6301.jpg 1035.4966 0 666 0 1034.97186 438 0 0 1 0.520429309 -0.00920241667 0.853855169 -0.566868028 0.744095542 0.353528589 -0.638603142 -0.668009835 0.382032573 5.45811527 -1.19193502 0.5284045
IMG_6302.jpg 1035.4966 0 666 0 1034.97186 438 0 0 1 0.371563469 0.673246797 0.639280328 -0.888400865 0.0578770578 0.455405478 0.269600615 -0.737149236 0.619618038 3.75710378 -0.666873068 5.03421966
IMG_6304.jpg 1035.4966 0 666 0 1034.97186 438 0 0 1 0.415811012 0.697176925 0.583991042 -0.908404902 0.349181206 0.229941339 -0.0436089006 -0.626112466 0.778512327 3.36954095 -2.60214256 4.62219623
IMG_6306.jpg 1035.4966 0 666 0 1034.97186 438 0 0 1 0.268211941 0.84518554 0.462302669 -0.910448224 0.379237563 -0.165114814 -0.314875191 -0.376616879 0.871213717 1.94130172 -4.60471434 3.8263936
IMG_6307.jpg 1035.4966 0 666 0 1034.97186 438 0 0 1 0.0284482919 0.998018741 0.0561185062 -0.808786118 -0.0100099237 0.588017701 0.587414427 -0.062115968 0.806898939 -0.385355093 0.646897964 5.55333482
IMG_6310.jpg 1035.4966 0 666 0 1034.97186 438 0 0 1 0.0178386172 0.998751475 0.0466612777 -0.859019793 -0.0085715133 0.511870612 0.511631487 -0.0492140251 0.857794382 0.225996305 0.106070239 5.47640854
IMG_6311.jpg 1035.4966 0 666 0 1034.97186 438 0 0 1 -0.00677492291 0.999874021 0.0143542164 -0.838838439 -0.0134965189 0.544213118 0.54433829 -0.00835386659 0.8388242 -0.002866088 0.0724214127 5.47170928
IMG_6312.jpg 1035.4966 0 666 0 1034.97186 438 0 0 1 -0.00295758407 0.999914677 -0.012723676 -0.997433753 -0.0020395806 0.0715663935 0.0715343362 0.0129026875 0.997354681 -0.122123805 -2.87329909 4.74357041
IMG_6313.jpg 1035.4966 0 666 0 1034.97186 438 0 0 1 -0.0179870014 0.999816144 0.00664419898 -0.794963604 -0.0183312919 0.606380105 0.606390415 0.00562506345 0.795147171 1.33257139 0.779954421 5.45974934
IMG_6314.jpg 1035.4966 0 666 0 1034.97186 438 0 0 1 -0.0405248022 0.999160174 -0.00605692189 -0.895295084 -0.0336193867 0.444203163 0.44362648 0.0234239777 0.895905611 1.19885999 -0.517346978 5.50901023
IMG_6315.jpg 1035.4966 0 666 0 1034.97186 438 0 0 1 -0.00793580025 0.999213697 -0.0388459863 -0.995312333 -0.0116373559 -0.0960100625 -0.0963866341 0.0379019725 0.994622068 1.16300769 -3.66937865 4.27422127
IMG_6317.jpg 1035.4966 0 666 0 1034.97186 438 0 0 1 -0.583000087 0.0190382892 -0.812249003 -0.810946169 -0.0748781238 0.580309898 -0.0497715737 0.997010938 0.0590929804 -5.87854115 0.221644976 1.25646592
IMG_6318.jpg 1035.4966 0 666 0 1034.97186 438 0 0 1 -0.506692601 -0.0742815022 -0.858920757 -0.678526202 -0.580251196 0.45045615 -0.531850356 0.811043037 0.243607042 -6.01071767 -0.798041902 0.604162015
IMG_6319.jpg 1035.4966 0 666 0 1034.97186 438 0 0 1 -0.548506137 -0.0201098464 -0.835904667 -0.831993536 0.112641456 0.543229839 0.0832332502 0.99343218 -0.0785157921 -4.49200132 0.0298587822 1.18474119
IMG_6320.jpg 1035.4966 0 666 0 1034.97186 438 0 0 1 -0.552054506 -0.0463381271 -0.832519429 -0.779258444 -0.326536314 0.5349115 -0.296634623 0.944048099 0.144156467 -4.52893842 -0.532179021 1.00951537
IMG_6321.jpg 1035.4966 0 666 0 1034.97186 438 0 0 1 -0.527926397 -0.0577316191 -0.847325663 -0.675831366 -0.575653843 0.4602984 -0.514340046 0.815652937 0.26488602 -4.55244187 -0.98407544 0.722390836
IMG_6322.jpg 1035.4966 0 666 0 1034.97186 438 0 0 1 -0.562577033 -0.0195430167 -0.826513855 -0.822219128 0.117687524 0.556871038 0.0863874295 0.992858357 -0.0822769405 -3.23980304 0.470467495 1.27642301
IMG_6323.jpg 1035.4966 0 666 0 1034.97186 438 0 0 1 -0.596837494 -0.0280991783 -0.801869966 -0.786315334 -0.178389178 0.591511197 -0.159665903 0.983558711 0.0843745352 -3.25915047 -0.00749307628 1.28021271
IMG_6324.jpg 1035.4966 0 666 0 1034.97186 438 0 0 1 -0.549820938 -0.00772058116 -0.835246867 -0.655781628 -0.615350681 0.437371691 -0.517346492 0.788215663 0.333269674 -3.23086764 -1.01212004 0.940070563
IMG_6325.jpg 1035.4966 0 666 0 1034.97186 438 0 0 1 -0.547681649 -0.0519761251 -0.835070832 -0.835730526 0.0816886656 0.543029879 0.039991233 0.995301685 -0.0881774174 -2.33766601 0.542148583 0.851658808
IMG_6326.jpg 1035.4966 0 666 0 1034.97186 438 0 0 1 -0.580274357 -0.0224336112 -0.814112034 -0.801186123 -0.163755415 0.575573592 -0.146227449 0.98624586 0.0770495705 -2.30610694 -0.0774919524 0.939065553
IMG_6329.jpg 1035.4966 0 666 0 1034.97186 438 0 0 1 -0.56272431 0.0968582317 -0.820950567 -0.822876619 -0.160348141 0.545126172 -0.0788379406 0.982296776 0.169934172 -0.954242892 -0.088023595 1.06176808
IMG_6330.jpg 1035.4966 0 666 0 1034.97186 438 0 0 1 -0.558600825 0.0708810108 -0.826402445 -0.702725115 -0.569723709 0.42613649 -0.44061608 0.818773948 0.368058 -1.00832356 -0.663042734 0.764689318
IMG_6331.jpg 1035.4966 0 666 0 1034.97186 438 0 0 1 -0.495981518 0.0351631694 -0.867620819 -0.865089367 0.0662742959 0.497220378 0.0749848032 0.997181663 -0.00245154189 0.529915679 0.598273625 0.974878751
IMG_6332.jpg 1035.4966 0 666 0 1034.97186 438 0 0 1 -0.550518969 0.062315607 -0.832493622 -0.83117008 -0.134095125 0.539606148 -0.0780074519 0.989007211 0.125616778 0.592002721 -0.0428229195 0.987817877
IMG_6333.jpg 1035.4966 0 666 0 1034.97186 438 0 0 1 -0.532986775 0.0325702793 -0.845496466 -0.666691948 -0.631465416 0.39594605 -0.521005704 0.774719695 0.358277058 0.557596938 -0.793599235 0.652601823
IMG_6334.jpg 1035.4966 0 666 0 1034.97186 438 0 0 1 -0.531046982 -0.0108723321 -0.847272622 -0.847322963 0.0135822768 0.530904245 0.00573572401 0.999848646 -0.0164252038 1.81359044 0.477211544 1.42245331
IMG_6335.jpg 1035.4966 0 666 0 1034.97186 438 0 0 1 -0.564433428 0.042391064 -0.824389412 -0.81124972 -0.213112518 0.544478601 -0.152606676 0.976107603 0.154677568 1.88016511 -0.214834968 1.24226909
IMG_6336.jpg 1035.4966 0 666 0 1034.97186 438 0 0 1 -0.55082274 -0.0322149888 -0.834000302 -0.679814364 -0.562389483 0.470712757 -0.484197005 0.826244675 0.287876704 1.73998016 -1.07450265 1.05610993
IMG_6337.jpg 1035.4966 0 666 0 1034.97186 438 0 0 1 -0.553269136 0.0664541839 -0.83034758 -0.819421622 0.135845549 0.556861017 0.149804768 0.988498775 -0.0207051546 3.09172964 0.0305286936 1.03336532
IMG_6338.jpg 1035.4966 0 666 0 1034.97186 438 0 0 1 -0.507972662 -0.046544725 -0.860114739 -0.791184186 -0.369596602 0.487263722 -0.340575041 0.92802583 0.150919519 2.94981043 -0.560557466 1.67743175
IMG_6339.jpg 1035.4966 0 666 0 1034.97186 438 0 0 1 -0.499497429 -0.00410980305 -0.86630562 -0.61868971 -0.698280059 0.36003889 -0.606403628 0.715812873 0.346246402 3.0296687 -1.1766202 1.10873527
IMG_6340.jpg 1035.4966 0 666 0 1034.97186 438 0 0 1 -0.561682873 0.0355642083 -0.826587889 -0.826636175 0.0174451269 0.562466267 0.0344235981 0.999215119 0.0196000321 4.26596364 0.140432418 1.2916053
IMG_6341.jpg 1035.4966 0 666 0 1034.97186 438 0 0 1 -0.56739737 -0.0695545511 -0.820501303 -0.780042596 -0.273823747 0.56263141 -0.263806317 0.959261549 0.101111361 4.07074841 -0.672560343 1.5804422
IMG_6342.jpg 1035.4966 0 666 0 1034.97186 438 0 0 1 -0.504474812 -0.0530459947 -0.861795385 -0.675868976 -0.596868017 0.432376801 -0.53731396 0.80058397 0.265252739 4.10907329 -1.06765373 1.23797085
IMG_6343.jpg 1035.4966 0 666 0 1034.97186 438 0 0 1 -0.0313289567 -0.999487486 0.00657732728 -0.808149855 0.0292025879 0.588252515 -0.588143102 0.0131138715 -0.808650554 -1.06466179 0.193432117 4.48609126
IMG_6344.jpg 1035.4966 0 666 0 1034.97186 438 0 0 1 -0.0241020507 -0.998151498 0.05579138 -0.756541612 0.0546920058 0.651654489 -0.653501247 -0.026502291 -0.756461333 -1.30032618 -0.434266343 4.36178966
IMG_6346.jpg 1035.4966 0 666 0 1034.97186 438 0 0 1 0.00104866645 -0.996547708 0.0830154562 -0.850267649 0.0428066243 0.524607013 -0.526349528 -0.0711354946 -0.847287387 -0.296388236 0.311929309 4.59833303
IMG_6347.jpg 1035.4966 0 666 0 1034.97186 438 0 0 1 0.0209415096 -0.993762578 0.109532602 -0.605928153 0.0745278914 0.792020623 -0.79524369 -0.0829549947 -0.600587997 -0.47370863 -1.48406621 4.32041511
IMG_6348.jpg 1035.4966 0 666 0 1034.97186 438 0 0 1 0.0240410268 -0.997461949 0.0670200595 -0.174504809 0.0618231577 0.982713574 -0.984362789 -0.0353207661 -0.172575615 -0.317452 -3.53330734 3.0834803
IMG_6349.jpg 1035.4966 0 666 0 1034.97186 438 0 0 1 -0.0730060985 -0.993851111 -0.0832470902 -0.863724751 0.021271838 0.50351471 -0.498647835 0.108662217 -0.859966778 1.70047594 0.589773959 4.64565647
IMG_6350.jpg 1035.4966 0 666 0 1034.97186 438 0 0 1 -0.0551284048 -0.997990804 -0.0312284332 -0.698433964 0.0161924117 0.715491302 -0.713548076 0.0612548925 -0.697923335 1.44003107 -1.06887947 4.66081956
IMG_6351.jpg 1035.4966 0 666 0 1034.97186 438 0 0 1 -0.0113350741 -0.999245489 -0.0371479344 -0.268268594 -0.0327494258 0.962787327 -0.963277466 0.0208788898 -0.267694966 1.36405939 -3.37423484 3.47035369
IMG_6352.jpg 1035.4966 0 666 0 1034.97186 438 0 0 1 0.561340734 -0.0434822165 0.826441696 -0.827570634 -0.0236526791 0.560863082 -0.00484000975 -0.998774172 -0.0492618177 -4.82237207 0.374187048 2.11841591
IMG_6353.jpg 1035.4966 0 666 0 1034.97186 438 0 0 1 0.532277903 -0.0467467474 0.845278047 -0.84364286 0.0536648913 0.534216064 -0.070334618 -0.997464195 -0.0108729239 -4.81758192 0.129175614 2.18951163
IMG_6355.jpg 1035.4966 0 666 0 1034.97186 438 0 0 1 0.535963942 -0.0530530232 0.842572269 -0.839103819 -0.143406072 0.524728005 0.0929915721 -0.988240899 -0.121377478 -3.21277515 0.239132516 1.53538901
IMG_6356.jpg 1035.4966 0 666 0 1034.97186 438 0 0 1 0.52836964 -0.105446163 0.842440876 -0.687974845 0.528272771 0.497612794 -0.497509936 -0.842501624 0.206578986 -3.07022484 -1.00623987 1.72362847
IMG_6357.jpg 1035.4966 0 666 0 1034.97186 438 0 0 1 0.536034256 -0.0215804659 0.843920352 -0.843973229 -0.0366753101 0.535129993 0.019402686 -0.999094192 -0.0378725581 -1.95744973 0.509529246 1.66593962
IMG_6358.jpg 1035.4966 0 666 0 1034.97186 438 0 0 1 0.537975839 -0.017095163 0.842786896 -0.836226911 0.115292589 0.536127011 -0.106332262 -0.993184461 0.0477291921 -1.96802488 -0.104426015 1.63590867
IMG_6359.jpg 1035.4966 0 666 0 1034.97186 438 0 0 1 0.52427207 -0.0619673274 0.849293145 -0.666176696 0.591391776 0.454383514 -0.530421914 -0.803999886 0.268769002 -1.88741158 -1.10799066 1.24692014
IMG_6360.jpg 1035.4966 0 666 0 1034.97186 438 0 0 1 -0.00636103858 0.999974517 -0.00324084901 -0.835926565 -0.00353877649 0.548829896 0.548804441 0.00620023993 0.835927773 -1.59536324 0.360057208 -1.45665694
IMG_6361.jpg 1035.4966 0 666 0 1034.97186 438 0 0 1 0.0151386284 0.997630804 0.0671088804 -0.920737532 -0.0122621263 0.389989792 0.389888727 -0.0676935754 0.918370492 -1.64274544 0.360570032 -1.31004812
IMG_6362.jpg 1035.4966 0 666 0 1034.97186 438 0 0 1 -0.0227811116 0.999209838 0.0325686909 -0.999421096 -0.0235851329 0.0245196616 0.025268424 -0.0319912516 0.999168688 -1.52968364 0.545112962 -1.34551854
IMG_6363.jpg 1035.4966 0 666 0 1034.97186 438 0 0 1 0.541746895 -0.0854724386 0.836184647 -0.839847077 -0.0146085616 0.542626462 -0.0341641521 -0.996233433 -0.0796979206 -0.935704089 0.466027545 0.953906439
IMG_6364.jpg 1035.4966 0 666 0 1034.97186 438 0 0 1 0.510191858 -0.027107692 0.859633318 -0.841537747 0.190584238 0.505462034 -0.17753447 -0.9812965 0.0744223806 -0.983438574 -0.0475113521 0.858848823
IMG_6365.jpg 1035.4966 0 666 0 1034.97186 438 0 0 1 0.523015824 -0.0446245208 0.851153982 -0.647499927 0.628592607 0.430830801 -0.554254718 -0.776453467 0.299869506 -0.975543717 -0.747258164 0.543097905
IMG_6366.jpg 1035.4966 0 666 0 1034.97186 438 0 0 1 0.574941715 -0.0463051122 0.816883016 -0.812268881 -0.152242868 0.563064272 0.098291859 -0.987257791 -0.125142977 0.382709783 0.610984385 0.622015097
IMG_6367.jpg 1035.4966 0 666 0 1034.97186 438 0 0 1 0.519754101 -0.0713126165 0.851334356 -0.849747954 0.0597586145 0.523791297 -0.0882274895 -0.995662302 -0.029537965 0.430075744 0.139056064 0.73869138
IMG_6368.jpg 1035.4966 0 666 0 1034.97186 438 0 0 1 0.510240157 -0.045951995 0.858803468 -0.628278178 0.66199038 0.408699485 -0.58730019 -0.748102367 0.30890344 0.411060227 -0.658984214 0.364878934
IMG_6369.jpg 1035.4966 0 666 0 1034.97186 438 0 0 1 0.566579431 -0.058125659 0.821954474 -0.823507296 -0.0746810722 0.562368626 0.0286963944 -0.995512002 -0.0901796636 1.51402042 0.580382575 0.63759247
IMG_6370.jpg 1035.4966 0 666 0 1034.97186 438 0 0 1 0.531456974 -0.0233050736 0.846764642 -0.84487864 0.0575224566 0.53185642 -0.0611029354 -0.998072162 0.0108807519 1.4777656 0.163021723 0.76571352
IMG_6371.jpg 1035.4966 0 666 0 1034.97186 438 0 0 1 0.525075575 -0.00239330995 0.851052238 -0.646760241 0.648856088 0.40085779 -0.553169803 -0.760907385 0.339150586 1.48752168 -0.639405669 0.433638363
IMG_6372.jpg 1035.4966 0 666 0 1034.97186 438 0 0 1 0.576179339 0.0124388289 0.817228637 -0.813027116 -0.0936625086 0.57464271 0.0836915666 -0.995526298 -0.0438532972 3.03670342 0.718207701 0.965633182
IMG_6373.jpg 1035.4966 0 666 0 1034.97186 438 0 0 1 0.520941652 0.0171704285 0.853419575 -0.831538161 0.236007944 0.502836492 -0.192779881 -0.971599417 0.137224235 3.0243444 -0.390436229 0.981732153
IMG_6374.jpg 1035.4966 0 666 0 1034.97186 438 0 0 1 0.571365343 0.0641939793 0.818181385 -0.658521725 0.630825984 0.410375092 -0.489786467 -0.773264321 0.402705235 2.97551627 -0.90139641 0.801565492
IMG_6375.jpg 1035.4966 0 666 0 1034.97186 438 0 0 1 -0.0707812875 -0.995644913 -0.0606730292 -0.815750292 0.022772706 0.577955764 -0.574057028 0.0904024944 -0.81380951 0.525493719 0.108740284 -2.88239653
IMG_6376.jpg 1035.4966 0 666 0 1034.97186 438 0 0 1 -0.0258072871 -0.999150468 -0.0321298342 -0.444465933 -0.0173206428 0.895628287 -0.895423932 0.0373943531 -0.443641347 0.656450014 1.14586299 -2.6374256
IMG_6377.jpg 1035.4966 0 666 0 1034.97186 438 0 0 1 -0.0113993331 -0.999359341 -0.0339258546 -0.775073217 -0.0126052703 0.631745689 -0.6317686 0.0334965008 -0.774432967 -0.14393772 0.400862945 -2.84646818
IMG_6378.jpg 1035.4966 0 666 0 1034.97186 438 0 0 1 -0.00384065155 -0.99992244 0.0118474735 -0.557698241 0.0119757515 0.82995738 -0.830034892 -0.00341973802 -0.557700981 -0.0640096573 0.829489286 -2.76305607
IMG_6379.jpg 1035.4966 0 666 0 1034.97186 438 0 0 1 -0.0243499537 -0.999696585 -0.00371713358 -0.796796835 0.0171620114 0.604003534 -0.603756477 0.0176692584 -0.796972969 -1.28316167 0.39800461 -2.90989358
IMG_6380.jpg 1035.4966 0 666 0 1034.97186 438 0 0 1 0.0161545596 -0.99879384 -0.0463669728 -0.468593634 -0.0485278337 0.88207996 -0.883266119 0.00747765502 -0.468812381 -1.42373301 1.06065403 -2.75877369
IMG_6381.jpg 1035.4966 0 666 0 1034.97186 438 0 0 1 0.0405621018 0.99625961 0.0762987923 -0.888976007 0.00112171592 0.4579524 0.456153894 -0.0864033076 0.885696389 -0.98243829 0.00273756738 -0.611236074
IMG_6382.jpg 1035.4966 0 666 0 1034.97186 438 0 0 1 0.0281014312 0.998872718 -0.0382570638 -0.974403123 0.0359126437 0.221920786 0.223044531 0.0310415107 0.974313893 -0.908945223 -0.245438791 -0.764393684
IMG_6383.jpg 1035.4966 0 666 0 1034.97186 438 0 0 1 0.0122049226 0.999851642 0.0121545839 -0.921573545 0.00653091462 0.388148875 0.388011909 -0.0159386699 0.921516531 -0.222786587 0.20689563 -0.42617717
IMG_6384.jpg 1035.4966 0 666 0 1034.97186 438 0 0 1 0.0170597225 0.999715286 0.0166827339 -0.994472218 0.0152366113 0.103888655 0.103604888 -0.018362827 0.99444901 -0.154772142 -0.315937694 -0.484671728
IMG_6385.jpg 1035.4966 0 666 0 1034.97186 438 0 0 1 -0.0208000818 0.999777632 -0.00347035866 -0.917496299 -0.0177089894 0.397349887 0.397200073 0.0114489514 0.917660625 0.79066356 0.145093869 -0.156549768
IMG_6386.jpg 1035.4966 0 666 0 1034.97186 438 0 0 1 0.0700118901 0.996005604 0.0554181604 -0.995281877 0.0734860826 -0.0633544068 -0.0671738077 -0.050721129 0.996451226 0.822697289 -0.171740107 -0.362086969
IMG_6387.jpg 1035.4966 0 666 0 1034.97186 438 0 0 1 -0.373221217 0.686180996 -0.624388952 -0.616768494 0.319241345 0.71950093 0.693038634 0.653636446 0.304067177 -2.789734 0.665129758 3.23772477
IMG_6388.jpg 1035.4966 0 666 0 1034.97186 438 0 0 1 -0.564605992 -0.0912434637 -0.820301594 -0.718949263 0.542513024 0.434501526 0.405378874 0.835077391 -0.371905525 -4.39983203 -0.449322918 0.301524204
IMG_6390.jpg 1035.4966 0 666 0 1034.97186 438 0 0 1 0.132141025 -0.91046403 0.391910704 -0.986262513 -0.160302628 -0.0398663174 0.0991211635 -0.38125886 -0.919139096 1.50712885 -2.93091781 -2.6569573
IMG_6392.jpg 1035.4966 0 666 0 1034.97186 438 0 0 1 0.347823948 0.65892924 0.666956338 -0.493282999 -0.476337388 0.727856151 0.79730194 -0.582164023 0.159357041 3.152794 0.959558539 2.90731672
IMG_6393.jpg 1035.4966 0 666 0 1034.97186 438 0 0 1 0.362040808 -0.776708285 0.515413129 -0.83525117 -0.0248153186 0.549308368 -0.413862219 -0.629371464 -0.657730662 2.82404232 -0.77905187 -3.55787568
IMG_6394.jpg 1035.4966 0 666 0 1034.97186 438 0 0 1 0.543279469 -0.0531004483 0.837870969 -0.838951392 0.00340346128 0.544195717 -0.0317486979 -0.998583376 -0.0426996644 4.35160179 -0.811065458 -0.447451475
IMG_6395.jpg 1035.4966 0 666 0 1034.97186 438 0 0 1 0.435075004 0.60403888 0.667717584 -0.845603983 0.0193714537 0.533459136 0.309295399 -0.796719385 0.519205719 3.60130612 -0.849108841 2.47445719
IMG_6396.jpg 1035.4966 0 666 0 1034.97186 438 0 0 1 0.0412074066 0.998467315 0.0369455118 -0.843862552 0.014980614 0.536350234 0.534974712 -0.053278536 0.843186489 0.226757988 -0.842704127 4.28776572
IMG_6397.jpg 1035.4966 0 666 0 1034.97186 438 0 0 1 -0.377417998 0.685252182 -0.622884501 -0.840920809 0.0280861813 0.540428867 0.387824507 0.72776412 0.565642589 -3.05029427 -0.83051851 2.98055707
IMG_6398.jpg 1035.4966 0 666 0 1034.97186 438 0 0 1 -0.534958694 0.0586313199 -0.842841364 -0.843993151 0.00856503182 0.53628556 0.0386620933 0.998242961 0.0449024942 -4.41827074 -0.882103227 0.339184844
IMG_6399.jpg 1035.4966 0 666 0 1034.97186 438 0 0 1 -0.419192073 -0.571107824 -0.705771818 -0.859957773 0.000501281905 0.510364946 -0.291119623 0.820874901 -0.491338746 -3.48007572 -0.989139541 -2.38141762
IMG_6401.jpg 1035.4966 0 666 0 1034.97186 438 0 0 1 -0.389371829 -0.762648615 -0.516484917 -0.82647522 0.0417488134 0.561422966 -0.406605815 0.645464273 -0.646565994 -0.44012914 -0.740597299 -0.33319736
IMG_6402.jpg 1035.4966 0 666 0 1034.97186 438 0 0 1 -0.0977249729 -0.992243278 -0.0768316801 -0.810287697 0.0345052605 0.585015586 -0.577826686 0.119426397 -0.807374546 -0.286821686 -0.734596407 -0.585707322
IMG_6403.jpg 1035.4966 0 666 0 1034.97186 438 0 0 1 0.230296578 -0.875783049 0.424225809 -0.819353235 0.0606811439 0.570068483 -0.524998822 -0.478875609 -0.703601015 -0.0346862552 -0.746552012 -0.68041818
IMG_6404.jpg 1035.4966 0 666 0 1034.97186 438 0 0 1 0.510699202 -0.0481867237 0.858408041 -0.859550967 -0.00662935103 0.511007032 -0.0189330665 -0.998816345 -0.0448045492 0.5615581 -0.846642587 -0.0817378509
IMG_6405.jpg 1035.4966 0 666 0 1034.97186 438 0 0 1 0.401093694 0.685154779 0.608018731 -0.839725759 0.00978111782 0.542922627 0.36603893 -0.728331832 0.579265262 0.428753221 -0.845356929 0.237944669
IMG_6406.jpg 1035.4966 0 666 0 1034.97186 438 0 0 1 0.0378444912 0.995660154 0.0850214784 -0.860166586 -0.0108467734 0.509897825 0.508607155 -0.0924294586 0.856023105 -0.0299257992 -0.893341616 0.381881786
IMG_6408.jpg 1035.4966 0 666 0 1034.97186 438 0 0 1 -0.557908837 -0.0120546566 -0.829814687 -0.829898512 0.0111013777 0.557803926 0.00248795145 0.999865713 -0.0161976983 -0.62141451 -0.799912039 0.521860706
IMG_6409.jpg 1035.4966 0 666 0 1034.97186 438 0 0 1 -0.385640922 -0.740445552 -0.550473853 -0.891707676 0.452318912 0.0162795085 0.236935645 0.497139805 -0.834693665 -0.504585905 -0.673590898 0.273309448
IMG_6410.jpg 1035.4966 0 666 0 1034.97186 438 0 0 1 -0.075523301 -0.996760148 -0.0276665713 -0.995074488 0.0771242154 -0.0622785602 0.0642105495 0.0228268168 -0.997675269 -0.353802042 -0.878748257 -0.0292367486
IMG_6411.jpg 1035.4966 0 666 0 1034.97186 438 0 0 1 0.329102923 -0.761899059 0.557854005 -0.927581334 -0.371489733 0.0398528104 0.176873217 -0.530570638 -0.828981703 0.451203061 -0.898264423 0.0445661522
IMG_6412.jpg 1035.4966 0 666 0 1034.97186 438 0 0 1 0.49809236 -0.0414169652 0.866134306 -0.633199363 -0.699795009 0.330674328 0.592420937 -0.713142048 -0.374787744 0.569283146 -0.537921614 0.543831819
IMG_6413.jpg 1035.4966 0 666 0 1034.97186 438 0 0 1 0.301423689 0.739222145 0.602241131 -0.376917526 -0.487795252 0.787393784 0.875829286 -0.464334376 0.131592738 0.355485437 -0.265601527 0.811375353
IMG_6414.jpg 1035.4966 0 666 0 1034.97186 438 0 0 1 -0.0737096586 0.996610472 -0.0365301786 -0.382938311 0.00553753737 0.92375732 0.920828505 0.0820786415 0.381232161 0.0841729228 -0.2867167 0.904153509
IMG_6415.jpg 1035.4966 0 666 0 1034.97186 438 0 0 1 -0.384927142 0.792210388 -0.47353331 -0.38951085 0.32569776 0.861511617 0.836727191 0.516065567 0.183204634 -0.393541369 -0.248175005 0.839001162
IMG_6417.jpg 1035.4966 0 666 0 1034.97186 438 0 0 1 -0.324671842 -0.81075682 -0.487095036 -0.918646257 0.147735289 0.366419622 -0.225116082 0.566434165 -0.792764206 -0.4276773 -0.919627333 -0.533607336
IMG_6420.jpg 1035.4966 0 666 0 1034.97186 438 0 0 1 0.512723555 0.00703825475 0.858524909 -0.81774113 -0.300639037 0.490831553 0.2615607 -0.953712028 -0.148389246 0.685886887 -0.807140114 0.186020669
IMG_6421.jpg 1035.4966 0 666 0 1034.97186 438 0 0 1 0.320043482 0.807786217 0.495028885 -0.71126947 -0.140293605 0.688776775 0.625833772 -0.57253745 0.52965362 0.339484907 -0.682391555 0.648513951
IMG_6422.jpg 1035.4966 0 666 0 1034.97186 438 0 0 1 -0.0585001602 0.995499811 -0.0745510352 -0.707765267 0.011306159 0.706357203 0.704021348 0.0940866428 0.703918777 0.261371587 -0.658344614 0.80862278
IMG_6423.jpg 1035.4966 0 666 0 1034.97186 438 0 0 1 -0.300133559 0.825176368 -0.478543424 -0.714204689 0.1381567 0.686166443 0.632322314 0.547719534 0.54787937 -0.177379729 -0.634345665 0.886283916
IMG_6428.jpg 1035.4966 0 666 0 1034.97186 438 0 0 1 0.00660466334 -0.998389098 0.0563523496 -0.858731661 0.0232125001 0.511899516 -0.512382975 -0.0517724707 -0.857195017 -0.225274354 -0.0969141692 3.16106858
IMG_6429.jpg 1035.4966 0 666 0 1034.97186 438 0 0 1 0.363113502 -0.768677932 0.526576512 -0.884277842 -0.106219285 0.454719871 -0.293600549 -0.630754866 -0.718294519 -1.64921496 0.302165064 3.03208959
IMG_6430.jpg 1035.4966 0 666 0 1034.97186 438 0 0 1 0.531274541 0.0611721821 0.844988359 -0.835909817 -0.124436188 0.534574983 0.137848249 -0.990340143 -0.0149753513 -3.02486486 -0.143880623 0.183114876
IMG_6431.jpg 1035.4966 0 666 0 1034.97186 438 0 0 1 0.35369027 0.777450498 0.520071069 -0.796407766 -0.0412920425 0.603348687 0.490548533 -0.627587198 0.60456302 -1.75213259 -0.334788525 -2.09114098
IMG_6433.jpg 1035.4966 0 666 0 1034.97186 438 0 0 1 -0.407176288 0.666513786 -0.624473253 -0.763741503 0.126504963 0.633005064 0.500905567 0.734680793 0.45753442 2.35822268 -0.418399521 -1.53984129
IMG_6434.jpg 1035.4966 0 666 0 1034.97186 438 0 0 1 -0.548556807 -0.115745823 -0.828063001 -0.829421673 0.200378337 0.521448185 0.105570438 0.972857352 -0.205920995 3.07576754 0.000252622138 0.683596652
IMG_6435.jpg 1035.4966 0 666 0 1034.97186 438 0 0 1 -0.383999292 -0.709658835 -0.590702024 -0.874354084 0.0738836674 0.479631253 -0.296731324 0.700660789 -0.648864377 2.57586939 0.220854881 2.3734542
IMG_6436.jpg 1035.4966 0 666 0 1034.97186 438 0 0 1 -0.0334383763 -0.998184853 -0.0500886603 -0.997600929 0.0363744347 -0.0589006464 0.0606156798 0.0479989521 -0.997006439 0.194889806 1.33750374 2.83348265
IMG_6437.jpg 1035.4966 0 666 0 1034.97186 438 0 0 1 0.38410325 -0.762803975 0.520187264 -0.920415112 -0.360777676 0.15058383 0.0728060082 -0.536627957 -0.840672184 -1.7996286 0.669034895 2.34768494
IMG_6438.jpg 1035.4966 0 666 0 1034.97186 438 0 0 1 0.575224225 0.0352399612 0.81723634 -0.622304266 -0.62956974 0.465165931 0.530899699 -0.776144373 -0.340213788 -2.96345694 -0.526242754 0.478295358
IMG_6439.jpg 1035.4966 0 666 0 1034.97186 438 0 0 1 0.423463967 0.735381529 0.529048462 -0.412901475 -0.363131831 0.835253043 0.806343996 -0.572144457 0.149866872 -1.82129082 -1.87697906 -1.36565357
IMG_6440.jpg 1035.4966 0 666 0 1034.97186 438 0 0 1 0.0633034907 0.997256466 0.0383693689 -0.36001642 -0.0130385275 0.932854852 0.930795813 -0.0728665713 0.358203318 -0.185773259 -2.12472408 -2.03163317
IMG_6441.jpg 1035.4966 0 666 0 1034.97186 438 0 0 1 -0.320730803 0.699736436 -0.638357793 -0.584855787 0.383824033 0.714578771 0.745033865 0.602534672 0.286140714 2.39247303 -1.31725258 -1.72753496
IMG_6442.jpg 1035.4966 0 666 0 1034.97186 438 0 0 1 -0.585782862 -0.100323392 -0.804234826 -0.707202597 0.54797675 0.446750455 0.395882465 0.830455718 -0.391944352 2.89159849 -0.307709164 0.754487994
IMG_6443.jpg 1035.4966 0 666 0 1034.97186 438 0 0 1 -0.309382942 -0.717557998 -0.624013393 -0.937871128 0.338654416 0.075570724 0.157098514 0.608624437 -0.777750829 2.34213986 0.957206209 2.0869161
IMG_6444.jpg 1035.4966 0 666 0 1034.97186 438 0 0 1 -0.284957042 -0.712997869 -0.640650859 -0.364053254 -0.537776855 0.76043493 -0.886715689 0.449922318 -0.106325893 2.30031778 -1.10275472 2.26552116
IMG_6445.jpg 1035.4966 0 666 0 1034.97186 438 0 0 1 0.0969911109 -0.995254733 0.00779368237 -0.231390327 -0.0149323866 0.972746391 -0.968014071 -0.0961511358 -0.231740626 -0.0867619363 -1.94636265 2.69871834
IMG_6446.jpg 1035.4966 0 666 0 1034.97186 438 0 0 1 0.474361897 -0.541879203 0.693792274 -0.408845562 0.562349699 0.718754564 -0.779632026 -0.624603671 0.0452123623 -2.52435756 -1.17848507 1.80628971
IMG_6447.jpg 1035.4966 0 666 0 1034.97186 438 0 0 1 0.370715022 0.671283033 0.641832893 -0.909107637 0.403646233 0.102922413 -0.18998336 -0.621650069 0.759906254 -2.35422176 1.34193737 -1.03203129
IMG_6448.jpg 1035.4966 0 666 0 1034.97186 438 0 0 1 0.0333388489 0.99944014 -0.00281561764 -0.993576918 0.0328381944 -0.108289243 -0.108136156 0.00640777141 0.994115442 -0.0674253417 1.88005028 -1.71650459
IMG_6449.jpg 1035.4966 0 666 0 1034.97186 438 0 0 1 -0.399227602 0.663509174 -0.632750265 -0.905348354 -0.394268961 0.157785756 -0.144781493 0.63585184 0.75810999 2.41615415 1.14297464 -1.07272233
IMG_6450.jpg 1035.4966 0 666 0 1034.97186 438 0 0 1 -0.467333563 -0.419457383 -0.778238296 -0.593262768 -0.503858233 0.627826543 -0.655468251 0.755104221 -0.0133785846 2.85480842 -0.535078813 1.72271566
IMG_6451.jpg 1035.4966 0 666 0 1034.97186 438 0 0 1 -0.386984322 -0.692329012 -0.609035035 -0.842059385 -0.0038021165 0.539371427 -0.375738109 0.721571953 -0.581510783 -0.760725732 0.23985937 -0.373318277
IMG_6452.jpg 1035.4966 0 666 0 1034.97186 438 0 0 1 -0.0267001036 -0.998964122 -0.0368481773 -0.816502873 0.000527289173 0.57734113 -0.576723646 0.0455017106 -0.815671154 -0.227027197 0.262459201 -0.852794696
IMG_6453.jpg 1035.4966 0 666 0 1034.97186 438 0 0 1 0.313690033 -0.810189918 0.495167507 -0.823863735 0.0270280277 0.56614312 -0.472066849 -0.585544006 -0.659007669 0.394403734 0.248769844 -0.833048156
IMG_6454.jpg 1035.4966 0 666 0 1034.97186 438 0 0 1 0.545065711 0.0112673325 0.838317612 -0.838248471 0.0259106439 0.544672507 -0.0155843429 -0.999600763 0.0235678278 0.813104325 0.219595187 -0.228314903
IMG_6456.jpg 1035.4966 0 666 0 1034.97186 438 0 0 1 -0.0190717455 0.997600373 -0.06655648 -0.862770883 0.0172178815 0.505301838 0.505235264 0.0670599812 0.86037218 -0.0550871663 0.158323515 0.686151126
IMG_6457.jpg 1035.4966 0 666 0 1034.97186 438 0 0 1 -0.313988587 0.790235773 -0.526249551 -0.877026542 -0.0291162423 0.479558848 0.363642148 0.612110829 0.702199915 -0.556795522 0.131081279 0.513813916
IMG_6458.jpg 1035.4966 0 666 0 1034.97186 438 0 0 1 -0.452654286 -0.583329786 -0.674411194 -0.836550823 0.0159821374 0.54765618 -0.30868563 0.812078156 -0.495219395 -3.48638698 0.277914045 -2.63035019
IMG_6459.jpg 1035.4966 0 666 0 1034.97186 438 0 0 1 -0.0612964529 -0.994250711 -0.0877967453 -0.817021774 -0.000546785939 0.576606557 -0.573339485 0.107075789 -0.812290964 -0.437553367 0.414902647 -4.44533705
IMG_6460.jpg 1035.4966 0 666 0 1034.97186 438 0 0 1 0.381164559 -0.745401999 0.546890701 -0.820067782 0.000518203191 0.572266165 -0.426851744 -0.666615025 -0.611082644 2.97170046 0.386114302 -3.37568484
IMG_6461.jpg 1035.4966 0 666 0 1034.97186 438 0 0 1 0.546783206 -0.101222759 0.831133009 -0.830624836 0.0592776958 0.553668255 -0.105311478 -0.993096223 -0.0516660887 4.32883448 0.268157394 -0.492154311
IMG_6462.jpg 1035.4966 0 666 0 1034.97186 438 0 0 1 0.423251792 0.646480508 0.634760485 -0.862768216 0.0737286566 0.500195052 0.276566313 -0.759359624 0.588968621 3.21416526 -0.00175542752 2.68548694
IMG_6464.jpg 1035.4966 0 666 0 1034.97186 438 0 0 1 -0.367072321 0.71501761 -0.594985486 -0.880361209 -0.0604983666 0.470429685 0.300369859 0.696483858 0.651681044 -2.98081855 -0.120441498 2.86239988
IMG_6465.jpg 1035.4966 0 666 0 1034.97186 438 0 0 1 -0.533406123 0.0700677973 -0.8429522 -0.845660124 -0.0657988306 0.529650327 -0.0183538373 0.995369789 0.0943510413 -4.28956828 0.162175128 0.122355655
IMG_6466.jpg 1035.4966 0 666 0 1034.97186 438 0 0 1 -0.50383242 0.0390844636 -0.862916738 -0.861444025 -0.0964882193 0.498602262 -0.0637736976 0.994566452 0.0822829707 -4.39720492 0.507302119 -0.146701623
IMG_6468.jpg 1035.4966 0 666 0 1034.97186 438 0 0 1 0.0317201895 -0.99872222 0.0393415297 -0.717274379 0.00466608559 0.69677521 -0.696068455 -0.0503205129 -0.716209851 0.509882379 1.50631726 -4.63063778
IMG_6471.jpg 1035.4966 0 666 0 1034.97186 438 0 0 1 0.322477138 0.785967057 0.527507612 -0.915735096 0.117940351 0.384082424 0.239661699 -0.606915035 0.757770685 2.92436578 -0.31255174 3.64261119
IMG_6472.jpg 1035.4966 0 666 0 1034.97186 438 0 0 1 -0.00773568093 0.999316732 -0.0361417773 -0.923753996 0.0066984012 0.382927781 0.382908231 0.0363483183 0.923071008 -0.234519112 -0.372723736 4.64688497
IMG_6475.jpg 1035.4966 0 666 0 1034.97186 438 0 0 1 0.272125583 -0.847856274 0.455068573 -0.749021792 0.110245432 0.653308732 -0.604081139 -0.518638297 -0.605062223 0.351001136 0.830333407 -0.875034122
IMG_6476.jpg 1035.4966 0 666 0 1034.97186 438 0 0 1 0.583984216 0.0253833529 0.811368055 -0.805101534 0.14591502 0.574908973 -0.103797669 -0.988971432 0.105648245 0.742409575 0.750724481 0.209949171
IMG_6477.jpg 1035.4966 0 666 0 1034.97186 438 0 0 1 0.386944128 0.707048269 0.591909611 -0.902413482 0.158420749 0.400690371 0.189536669 -0.689191999 0.699349869 0.467353054 0.583823744 0.618101141
IMG_6479.jpg 1035.4966 0 666 0 1034.97186 438 0 0 1 -0.317401572 0.779629478 -0.539846384 -0.928869277 -0.140978306 0.342530266 0.190940064 0.610166366 0.768920606 -0.461534722 0.518341686 0.648375141
IMG_6481.jpg 1035.4966 0 666 0 1034.97186 438 0 0 1 0.752419898 0.264853379 -0.603089533 -0.506537966 -0.352616769 -0.786816817 -0.421050575 0.897504374 -0.131157582 0.054114508 1.75668488 0.74435858
IMG_6482.jpg 1035.4966 0 666 0 1034.97186 438 0 0 1 0.69235275 0.371068202 -0.618834435 -0.551342674 -0.281203139 -0.785459134 -0.465477094 0.885004624 0.00989396843 0.717643569 1.85498555 0.27149695
IMG_6483.jpg 1035.4966 0 666 0 1034.97186 438 0 0 1 -0.708701668 -0.097492838 0.698739646 0.249725134 0.891620622 0.377690382 -0.659832785 0.442162655 -0.60754661 -0.420495704 -2.31323739 2.63879911
IMG_6484.jpg 1035.4966 0 666 0 1034.97186 438 0 0 1 0.508806944 0.16002475 -0.845876808 -0.233454176 -0.920104915 -0.31449339 -0.828622135 0.357489894 -0.430797324 1.69340741 2.32827096 2.24325535
IMG_6485.jpg 1035.4966 0 666 0 1034.97186 438 0 0 1 0.806899363 -0.00253826911 -0.590683482 0.00080331981 -0.999985127 0.00539447894 -0.590688389 -0.00482730936 -0.806885323 0.00375174732 1.8136196 3.8612257
IMG_6486.jpg 1035.4966 0 666 0 1034.97186 438 0 0 1 0.590750981 0.0814712842 -0.802730159 -0.0218932075 -0.99290419 -0.116884375 -0.806556858 0.0866238974 -0.584775457 1.62880136 2.35184954 3.14992812
IMG_6487.jpg 1035.4966 0 666 0 1034.97186 438 0 0 1 0.843861685 0.179914984 -0.505497829 -0.535359945 0.345317666 -0.770808302 0.0358773677 0.921078883 0.387719623 -0.313386884 3.18421049 -1.66457376
IMG_6488.jpg 1035.4966 0 666 0 1034.97186 438 0 0 1 0.845170137 0.189795391 -0.499665037 -0.534238695 0.270886929 -0.800755448 -0.0166269664 0.943714989 0.330341585 -0.377587659 3.74354136 -1.34079496
IMG_6489.jpg 1035.4966 0 666 0 1034.97186 438 0 0 1 0.83824021 0.217659966 -0.499977489 -0.529967385 0.109275706 -0.840947912 -0.1284053 0.969888117 0.206951974 -0.358783326 4.53213112 -0.59620452
IMG_6490.jpg 1035.4966 0 666 0 1034.97186 438 0 0 1 0.815751771 0.159694373 -0.555919739 -0.543967303 -0.114860646 -0.831207919 -0.196592528 0.980461493 -0.00682925773 -0.0217570413 5.0763067 0.580269136
IMG_6491.jpg 1035.4966 0 666 0 1034.97186 438 0 0 1 0.839664798 0.141836544 -0.524257019 -0.497884094 -0.184601509 -0.847368699 -0.216966484 0.972524898 -0.0843852297 -0.138874086 5.34674945 0.974139474
IMG_6492.jpg 1035.4966 0 666 0 1034.97186 438 0 0 1 0.872874858 0.0839474467 -0.480668606 -0.487572258 0.188510198 -0.852488826 0.0190466737 0.97847674 0.205476258 0.545404201 3.80327565 -0.807678447
IMG_6493.jpg 1035.4966 0 666 0 1034.97186 438 0 0 1 0.836469783 0.017120475 -0.547745553 -0.547640189 0.0629786857 -0.834340403 0.0202119911 0.997868015 0.0620556277 0.882341258 4.45581968 -0.334180551
IMG_6494.jpg 1035.4966 0 666 0 1034.97186 438 0 0 1 0.801140522 -0.0309152633 -0.597677262 -0.59842555 -0.0283774234 -0.800675704 0.00779255949 0.999119096 -0.0412347873 1.13920814 5.0489722 0.164782157
IMG_6495.jpg 1035.4966 0 666 0 1034.97186 438 0 0 1 0.801328838 -0.0860504903 -0.592002877 -0.598111 -0.0960003896 -0.795642606 0.0116329296 0.991654798 -0.128395625 1.12903379 5.34303212 0.60031357
IMG_6496.jpg 1035.4966 0 666 0 1034.97186 438 0 0 1 0.759219936 0.0835919559 -0.645443626 -0.275533635 -0.857177922 -0.435117486 -0.589632347 0.508191298 -0.627754171 -0.368574406 -0.561118092 -0.905002943
IMG_6498.jpg 1035.4966 0 666 0 1034.97186 438 0 0 1 0.818376112 0.0821315024 -0.568783751 -0.474386174 -0.462098439 -0.749281517 -0.3243737 0.883017242 -0.339208275 -0.411795124 -3.31254737 -1.81318888
IMG_6499.jpg 1035.4966 0 666 0 1034.97186 438 0 0 1 0.826039438 0.14277187 -0.545229346 -0.483617916 -0.317236009 -0.815766527 -0.289434895 0.937538003 -0.19300242 -0.367992384 -4.59480772 -1.86410934
IMG_6500.jpg 1035.4966 0 666 0 1034.97186 438 0 0 1 0.818111234 0.138889014 -0.558035707 -0.467331707 -0.404902959 -0.78591009 -0.335104587 0.903749653 -0.266348419 -0.500912095 -4.75403635 -2.82419615
IMG_6501.jpg 1035.4966 0 666 0 1034.97186 438 0 0 1 0.803448918 0.179180152 -0.567771353 -0.555042567 -0.119596683 -0.823179435 -0.215400987 0.976519896 0.00336278627 -0.509420106 -5.6661386 -0.743994695
IMG_6502.jpg 1035.4966 0 666 0 1034.97186 438 0 0 1 0.773144031 -0.024682374 -0.63375002 0.172894083 -0.953195063 0.24804598 -0.610209754 -0.301346898 -0.732689637 -0.624299353 2.81648092 -3.61665355
IMG_6503.jpg 1035.4966 0 666 0 1034.97186 438 0 0 1 0.777564895 -0.0668858333 -0.625235251 0.202572585 -0.914670229 0.349775242 -0.595279079 -0.39862847 -0.697666224 -0.619348694 2.58157585 -3.52692217
IMG_6504.jpg 1035.4966 0 666 0 1034.97186 438 0 0 1 0.731668242 0.0515540074 -0.679708591 -0.251856673 -0.906133981 -0.339837351 -0.633427028 0.419837341 -0.650005236 -0.937686558 -2.5717945 -3.35520015
IMG_6505.jpg 1035.4966 0 666 0 1034.97186 438 0 0 1 0.786743239 0.0341994874 -0.616332274 -0.201630671 -0.929458048 -0.308954381 -0.583421074 0.36733926 -0.724349169 -0.598303453 -3.17459154 -3.64140487
IMG_6506.jpg 1035.4966 0 666 0 1034.97186 438 0 0 1 0.76144918 -0.151084908 -0.630371713 0.510320221 -0.459922322 0.726666863 -0.399710419 -0.875011319 -0.273105791 -0.693584632 4.64825143 -1.51665764
IMG_6507.jpg 1035.4966 0 666 0 1034.97186 438 0 0 1 0.803377625 -0.20662228 -0.558472583 0.55232453 -0.0919285121 0.828544967 -0.222535404 -0.974092594 0.0402692441 -0.26513434 5.01781342 0.1060084
IMG_6508.jpg 1035.4966 0 666 0 1034.97186 438 0 0 1 0.870572736 -0.180493448 -0.457739257 0.478372418 0.528218769 0.7015303 0.115164844 -0.829702988 0.546195945 0.286725655 4.228551 2.98248803
IMG_6509.jpg 1035.4966 0 666 0 1034.97186 438 0 0 1 0.913631423 -0.093398682 -0.395669444 0.241836361 0.907187858 0.344275129 0.326791672 -0.410227834 0.851422531 0.560950527 2.13626184 4.38706321
IMG_6510.jpg 1035.4966 0 666 0 1034.97186 438 0 0 1 0.941659478 0.0167477262 -0.336150177 -0.0453914189 0.995955826 -0.0775345848 0.333492199 0.0882695101 0.938611446 0.793599208 0.352739212 4.2744165
IMG_6511.jpg 1035.4966 0 666 0 1034.97186 438 0 0 1 0.907081688 0.0658991834 -0.415764488 -0.2309715 0.903635124 -0.360687855 0.35193036 0.423203095 0.834891707 0.29542867 -0.567346116 3.44521918
IMG_6512.jpg 1035.4966 0 666 0 1034.97186 438 0 0 1 0.934222339 0.0394783061 -0.354499768 -0.116982017 0.972797272 -0.199951681 0.336962654 0.228269425 0.913427194 0.105991134 0.554497995 1.47874721
IMG_6513.jpg 1035.4966 0 666 0 1034.97186 438 0 0 1 0.89815488 0.0681170852 -0.434370665 -0.253552609 0.887351141 -0.385122093 0.359205911 0.456035103 0.814250022 -0.0629052158 0.31776206 1.05536033
IMG_6514.jpg 1035.4966 0 666 0 1034.97186 438 0 0 1 0.888577792 0.170433444 -0.425889596 -0.431375592 0.626240586 -0.649413448 0.15602758 0.760772745 0.629984306 -0.164179505 0.774121207 0.129184291
IMG_6515.jpg 1035.4966 0 666 0 1034.97186 438 0 0 1 0.798566034 0.321039204 -0.509142533 -0.572440565 0.14365633 -0.807263686 -0.186021743 0.936107199 0.298494929 -0.105804513 1.43969087 0.0667433201
IMG_6516.jpg 1035.4966 0 666 0 1034.97186 438 0 0 1 0.845265863 0.0814578838 -0.528100591 -0.50343363 0.452677475 -0.735960382 0.179109467 0.887945785 0.423641455 -0.267789079 1.09527979 -0.794252692
IMG_6517.jpg 1035.4966 0 666 0 1034.97186 438 0 0 1 0.872653405 0.0644495013 -0.484068483 -0.343701838 0.785226405 -0.515061686 0.346907886 0.615845561 0.707381908 -0.362808522 0.483540238 -1.45224264
IMG_6518.jpg 1035.4966 0 666 0 1034.97186 438 0 0 1 0.897540469 0.014964996 -0.440678063 -0.041878392 0.997799157 -0.0514105264 0.438938842 0.0645979166 0.896191833 -0.466362792 -1.28730272 -2.2768581
IMG_6520.jpg 1035.4966 0 666 0 1034.97186 438 0 0 1 0.913494652 -0.176954169 -0.366353302 0.358265177 0.776589608 0.518222581 0.192804521 -0.604645187 0.772806971 -0.453209374 -3.41424606 -1.25390116
IMG_6521.jpg 1035.4966 0 666 0 1034.97186 438 0 0 1 0.8411696 -0.182292199 -0.509120082 0.529810632 0.466400073 0.708358431 0.108325428 -0.86558681 0.488901908 -0.0786786962 -3.81411511 -0.621311445
IMG_6522.jpg 1035.4966 0 666 0 1034.97186 438 0 0 1 0.908951029 -0.135184021 -0.394377113 0.365359449 0.713917364 0.597356235 0.200799651 -0.687056969 0.698306682 -0.79900711 -2.58907788 -2.76163097
IMG_6523.jpg 1035.4966 0 666 0 1034.97186 438 0 0 1 0.970426693 0.0329017785 -0.239143278 0.0351751385 0.960820661 0.274929751 0.23881948 -0.275211067 0.931248691 -1.22295306 0.411539033 -3.38461035
IMG_6524.jpg 1035.4966 0 666 0 1034.97186 438 0 0 1 0.958992178 0.101316574 -0.264705409 -0.133714036 0.985189155 -0.107344705 0.2499091 0.138337561 0.958336142 -0.924434829 2.36583106 -2.61915289
IMG_6525.jpg 1035.4966 0 666 0 1034.97186 438 0 0 1 0.890995678 0.208879038 -0.403108235 -0.413575273 0.739708982 -0.5308353 0.187302415 0.639687557 0.745464711 -0.305639616 3.60839664 -1.35674876
IMG_6526.jpg 1035.4966 0 666 0 1034.97186 438 0 0 1 0.818277995 0.293500334 -0.494245563 -0.565321995 0.255221416 -0.784393442 -0.104077685 0.92125978 0.374764263 0.231403042 4.31593841 0.548318669
IMG_6527.jpg 1035.4966 0 666 0 1034.97186 438 0 0 1 0.993740875 -0.0396391569 -0.104440467 0.0520247045 0.991569741 0.118671308 0.0988559762 -0.123362014 0.987425597 -1.86132295 1.26193937 -3.72477413
IMG_6528.jpg 1035.4966 0 666 0 1034.97186 438 0 0 1 0.926370375 -0.332497322 -0.176871306 0.367285238 0.693718537 0.619561252 -0.0833035532 -0.638905409 0.76476166 -1.94695768 -2.51172716 -3.47623788
IMG_6529.jpg 1035.4966 0 666 0 1034.97186 438 0 0 1 0.67697934 -0.60226532 -0.42305491 0.565429079 0.0576189447 0.822781875 -0.471157012 -0.796213879 0.37954516 -0.429932705 -5.10189788 -0.974370372
IMG_6530.jpg 1035.4966 0 666 0 1034.97186 438 0 0 1 0.979308596 -0.00759613329 -0.202229998 0.0386918841 0.987889039 0.150260388 0.1986394 -0.154975949 0.967742137 -0.874425997 1.19387539 -4.45451626
IMG_6531.jpg 1035.4966 0 666 0 1034.97186 438 0 0 1 0.835435341 -0.470482623 -0.284066704 0.483586759 0.383706542 0.786710325 -0.261135285 -0.794616506 0.548081173 -0.994618099 -4.08674974 -2.72115824
IMG_6533.jpg 1035.4966 0 666 0 1034.97186 438 0 0 1 0.962208169 0.0597305415 0.265683463 -0.0151135128 0.985857425 -0.166903321 -0.271895241 0.156580329 0.949502806 -3.34454316 2.80606507 -2.71293892
IMG_6534.jpg 1035.4966 0 666 0 1034.97186 438 0 0 1 0.665739391 0.312482945 -0.67760274 -0.336845166 -0.684443395 -0.646585318 -0.665827603 0.658704523 -0.350402559 0.670225844 3.99398938 2.57491044
IMG_6535.jpg 1035.4966 0 666 0 1034.97186 438 0 0 1 0.714758879 0.230123466 -0.660426329 -0.519861928 -0.456857018 -0.721820782 -0.467828304 0.859258317 -0.206910181 0.483844372 3.95197271 1.34875773
IMG_6536.jpg 1035.4966 0 666 0 1034.97186 438 0 0 1 0.807484423 -0.0089982724 -0.589820259 -0.546752752 -0.386745399 -0.742623339 -0.221427944 0.922142629 -0.317210715 -0.025604074 3.42325397 1.3906532
IMG_6537.jpg 1035.4966 0 666 0 1034.97186 438 0 0 1 0.758764644 -0.218813325 -0.613511976 0.506358496 -0.394327151 0.766881459 -0.409728312 -0.892539538 -0.188403514 0.234571349 -4.30656779 1.5959198
IMG_6538.jpg 1035.4966 0 666 0 1034.97186 438 0 0 1 0.777662242 -0.224386448 -0.587275198 0.535285576 -0.253583542 0.805707602 -0.329713192 -0.940928323 -0.0770915169 0.0247253785 -3.6240376 0.815063301
IMG_6540.jpg 1035.4966 0 666 0 1034.97186 438 0 0 1 0.813509663 -0.24236822 -0.528639455 0.558844761 0.0742729609 0.825939502 -0.160917869 -0.967337156 0.195867981 -0.46008368 -3.10312163 -1.30894178
IMG_6541.jpg 1035.4966 0 666 0 1034.97186 438 0 0 1 0.806785454 -0.03140519 -0.590009276 0.191890488 -0.930527631 0.311923657 -0.558815956 -0.364872637 -0.7447098 -0.0744164753 -2.57183692 3.17060034
IMG_6542.jpg 1035.4966 0 666 0 1034.97186 438 0 0 1 0.830681958 -0.0635821364 -0.553104688 0.344398087 -0.721890343 0.600220201 -0.437444216 -0.689080289 -0.577763718 -0.167192725 -2.57513271 1.60074017
IMG_6543.jpg 1035.4966 0 666 0 1034.97186 438 0 0 1 0.634958653 -0.230860475 -0.737245516 0.337101336 -0.775866751 0.533285546 -0.695118838 -0.58714072 -0.414819932 0.509843804 -2.4646861 1.64464807
IMG_6544.jpg 1035.4966 0 666 0 1034.97186 438 0 0 1 0.892449086 -0.219959086 -0.393894186 0.43869422 0.626833698 0.643915287 0.105271131 -0.747460712 0.65591194 -0.653315911 -0.907793913 -1.69261996
IMG_6546.jpg 1035.4966 0 666 0 1034.97186 438 0 0 1 0.833953975 -0.0886253036 -0.544670839 0.4770348 -0.38040751 0.792292828 -0.27741407 -0.920562698 -0.274965001 -0.261623606 -1.94238751 0.406880472
IMG_6547.jpg 1035.4966 0 666 0 1034.97186 438 0 0 1 0.776625754 -0.0402655846 -0.628674098 0.353407538 -0.798276547 0.487706537 -0.521493577 -0.600943622 -0.605731964 -0.0512907917 -1.3642075 1.26200892
IMG_6548.jpg 1035.4966 0 666 0 1034.97186 438 0 0 1 0.843476259 0.0424033583 -0.535490201 0.536041354 -0.00195679295 0.844189456 0.0347486245 -0.999098657 -0.024380462 0.456264243 -3.19945098 -1.52864023
IMG_6549.jpg 1035.4966 0 666 0 1034.97186 438 0 0 1 -0.172002076 0.913500084 -0.368690769 -0.984676757 -0.148507336 0.0914180273 0.0287570918 0.378765321 0.92504587 1.16273609 0.207002496 -0.133181086
IMG_6550.jpg 1035.4966 0 666 0 1034.97186 438 0 0 1 -0.469144573 0.384558546 -0.794995657 -0.846887246 -0.451124297 0.281547263 -0.25037045 0.805358053 0.537320244 2.79334927 -0.387596254 0.934935396
IMG_6551.jpg 1035.4966 0 666 0 1034.97186 438 0 0 1 -0.411097439 -0.643077119 -0.646104259 -0.569059609 -0.372669574 0.732999693 -0.71215873 0.669006134 -0.212745707 2.41694084 -1.95766149 3.74376264
IMG_6552.jpg 1035.4966 0 666 0 1034.97186 438 0 0 1 -0.0108273584 -0.998022121 -0.0619242698 -0.404453369 -0.0522650328 0.913063984 -0.914494528 0.0349315505 -0.403087516 0.28832086 -2.51247365 4.0767129
IMG_6553.jpg 1035.4966 0 666 0 1034.97186 438 0 0 1 0.427652473 -0.575677684 0.69692795 -0.605881219 0.389618721 0.693617474 -0.670836277 -0.718882784 -0.182170887 -2.47029489 -1.88487542 4.02771777
IMG_6554.jpg 1035.4966 0 666 0 1034.97186 438 0 0 1 0.53630984 0.0169603898 0.843850757 -0.700517332 0.566631119 0.433825591 -0.470794248 -0.823797014 0.315770892 -2.94370934 -0.896604273 1.52150444
IMG_6555.jpg 1035.4966 0 666 0 1034.97186 438 0 0 1 0.345292198 0.759107973 0.551840904 -0.936051783 0.320967962 0.144175681 -0.0676783409 -0.5663344 0.821392105 -1.9097258 0.15751438 -0.0958198088
IMG_6556.jpg 1035.4966 0 666 0 1034.97186 438 0 0 1 -0.393688544 0.663362747 -0.636364044 -0.839943118 0.021687441 0.542240918 0.373503532 0.747983637 0.548648877 2.14038841 0.228940992 0.471374999
IMG_6557.jpg 1035.4966 0 666 0 1034.97186 438 0 0 1 -0.54803822 -0.00824538684 -0.836412651 -0.826622023 0.158200266 0.540063614 0.12786767 0.987372619 -0.0935156104 3.21630731 0.530078511 1.81070435
IMG_6558.jpg 1035.4966 0 666 0 1034.97186 438 0 0 1 -0.422510752 -0.596304733 -0.682572582 -0.882346672 0.0984140713 0.460194546 -0.207241439 0.79670279 -0.5677285 3.2754262 0.874907211 4.07563745
IMG_6559.jpg 1035.4966 0 666 0 1034.97186 438 0 0 1 0.00328449411 -0.999977535 0.00584307543 -0.946309607 -0.00121934666 0.323259402 -0.323245015 -0.00659110201 -0.946292353 0.038921285 1.41640895 4.6066685
IMG_6560.jpg 1035.4966 0 666 0 1034.97186 438 0 0 1 0.424990308 -0.621287327 0.658320055 -0.863941985 -0.0613426617 0.4998413 -0.270161961 -0.781178043 -0.562826243 -2.48155615 0.616077731 4.72362683
IMG_6561.jpg 1035.4966 0 666 0 1034.97186 438 0 0 1 0.517887701 0.268618416 0.812180076 -0.79569258 -0.197354468 0.572646952 0.314110884 -0.942812474 0.111530229 -3.14884667 0.49484878 0.927134829
IMG_6562.jpg 1035.4966 0 666 0 1034.97186 438 0 0 1 0.353270138 0.737057703 0.576147683 -0.759662933 -0.133424739 0.636482574 0.545996738 -0.662528325 0.51278044 -2.08502028 0.235044089 -0.186413655
IMG_6563.jpg 1035.4966 0 666 0 1034.97186 438 0 0 1 -0.0561252534 0.996866409 -0.0557433268 -0.70961622 -0.000553033599 0.704588187 0.702349468 0.0791015594 0.707423613 0.104081427 0.222637203 -0.327313739
IMG_6564.jpg 1035.4966 0 666 0 1034.97186 438 0 0 1 0.00146262807 -0.99957638 0.0290675412 -0.949336007 0.00774682899 0.314167363 -0.314259456 -0.0280543735 -0.948922519 0.223223067 -0.155796494 -1.82337227
IMG_6565.jpg 1035.4966 0 666 0 1034.97186 438 0 0 1 0.291137221 -0.824605219 0.485041598 -0.924440285 -0.11197276 0.364516474 -0.246270741 -0.554516306 -0.794897722 2.75748878 -0.0774761947 -1.53080511
IMG_6566.jpg 1035.4966 0 666 0 1034.97186 438 0 0 1 0.563897395 -0.0331289172 0.825180103 -0.804533459 -0.247565884 0.539849096 0.186401825 -0.968304502 -0.166255079 4.40610218 0.835147793 1.35388333
IMG_6567.jpg 1035.4966 0 666 0 1034.97186 438 0 0 1 0.370408643 0.7074221 0.601956318 -0.782613426 -0.111375618 0.612463629 0.500313564 -0.697960918 0.512383542 3.20158983 1.08521129 5.40621636
IMG_6569.jpg 1035.4966 0 666 0 1034.97186 438 0 0 1 -0.418907749 0.596755849 -0.684396636 -0.799403815 0.115102887 0.589665046 0.430662094 0.794124538 0.428831411 -3.92624906 0.869546055 5.09084983
IMG_6570.jpg 1035.4966 0 666 0 1034.97186 438 0 0 1 -0.548982492 -0.134950029 -0.824867694 -0.821659317 0.268110652 0.502983742 0.153278145 0.953889495 -0.258071003 -4.55656993 0.681299316 1.01714838
IMG_6571.jpg 1035.4966 0 666 0 1034.97186 438 0 0 1 -0.452595954 -0.606157935 -0.65401029 -0.880297084 0.186723375 0.436132348 -0.142246075 0.773115088 -0.618109307 -3.32669404 0.280053983 -0.472152877
IMG_6572.jpg 1035.4966 0 666 0 1034.97186 438 0 0 1 -0.428493782 -0.0229180825 -0.903254028 -0.807056742 -0.43978371 0.394017391 -0.406266531 0.897811255 0.169948392 -3.24646896 -0.396738103 1.44928044
IMG_6573.jpg 1035.4966 0 666 0 1034.97186 438 0 0 1 -0.489285775 -0.015676348 -0.871982616 -0.732931386 -0.534490048 0.420870493 -0.472663743 0.845029372 0.25002869 -4.31055489 -0.389815063 1.52451879
IMG_6575.jpg 1035.4966 0 666 0 1034.97186 438 0 0 1 0.0232818936 0.999137094 -0.0343950734 -0.987745704 0.0176782902 -0.15506741 -0.154325555 0.0375838489 0.987304957 0.689528037 -3.81961119 5.35570956
IMG_6576.jpg 1035.4966 0 666 0 1034.97186 438 0 0 1 0.420005148 0.673803905 0.607934185 -0.858344386 0.512463694 0.0250175476 -0.294687277 -0.532324393 0.793593189 3.55223434 -2.77575472 4.09645082
IMG_6577.jpg 1035.4966 0 666 0 1034.97186 438 0 0 1 0.564127006 -0.0865830397 0.821135858 -0.538077692 0.715769364 0.445136625 -0.626285173 -0.692948479 0.357196426 4.55509519 -0.250549447 1.32133934
IMG_6578.jpg 1035.4966 0 666 0 1034.97186 438 0 0 1 0.54030499 -0.350167534 0.765149146 -0.52913067 0.56564554 0.632507595 -0.654286827 -0.74661089 0.120336726 3.25153631 0.493426524 0.595504333
IMG_6579.jpg 1035.4966 0 666 0 1034.97186 438 0 0 1 0.0324833418 -0.998585599 -0.0420907873 -0.412228263 -0.0517499351 0.909609698 -0.910501341 -0.0121961506 -0.413326218 0.0779609988 1.69684538 -1.43480447
IMG_6580.jpg 1035.4966 0 666 0 1034.97186 438 0 0 1 0.57759612 0.0168886938 0.816147961 -0.593106901 0.695638813 0.405352742 -0.56089832 -0.718193159 0.41181508 1.62079183 -0.0425185823 1.02993233
IMG_6581.jpg 1035.4966 0 666 0 1034.97186 438 0 0 1 0.584332834 0.0218469193 0.811219977 -0.60106426 0.683276768 0.414553511 -0.545231047 -0.729832563 0.412392453 0.728736218 0.00377435215 0.939763218
IMG_6583.jpg 1035.4966 0 666 0 1034.97186 438 0 0 1 0.619793488 0.0223358926 0.784447028 -0.583838967 0.68106996 0.441900181 -0.524393071 -0.731877597 0.43516329 -1.32733428 -0.321030932 1.01614116
IMG_6584.jpg 1035.4966 0 666 0 1034.97186 438 0 0 1 0.525816253 0.565948663 0.634995574 -0.766981816 0.63823744 0.0662711369 -0.367771888 -0.521876499 0.769667953 -2.40074986 0.0524543919 0.394136232
IMG_6586.jpg 1035.4966 0 666 0 1034.97186 438 0 0 1 0.0601771908 0.997649407 0.0327775277 -0.99817571 0.059983 0.00687683899 0.00489457989 -0.0331315609 0.999439014 -1.86967142 1.44235984 -1.0202271
IMG_6588.jpg 1035.4966 0 666 0 1034.97186 438 0 0 1 0.596061279 0.0705432757 0.799834107 -0.678847843 0.576257894 0.455074109 -0.4288083 -0.814217714 0.391373168 -4.19305297 -0.57770732 1.47033949
IMG_6589.jpg 1035.4966 0 666 0 1034.97186 438 0 0 1 0.613115605 -0.00183076665 0.789991078 -0.695343401 0.473371267 0.540756135 -0.374949076 -0.880861108 0.288958299 -4.99128123 -0.841862981 2.13980858
IMG_6590.jpg 1035.4966 0 666 0 1034.97186 438 0 0 1 -0.00737871079 -0.99897098 -0.0447496973 -0.200379356 -0.0423661445 0.978801933 -0.979690598 0.0161892119 -0.199860554 1.60721984 -3.22714824 4.05483838
IMG_6591.jpg 1035.4966 0 666 0 1034.97186 438 0 0 1 0.11685335 -0.992722632 -0.0291044843 -0.305903773 -0.0638574824 0.949918472 -0.944864105 -0.102097984 -0.311139559 -0.0567219704 -2.79168868 4.37243498
IMG_6592.jpg 1035.4966 0 666 0 1034.97186 438 0 0 1 -0.357460694 -0.685019045 -0.634799779 -0.357845073 -0.527373644 0.77059973 -0.862652164 0.502619088 -0.0566153415 2.43311879 -2.54877253 3.71136254
IMG_6596.jpg 1035.4966 0 666 0 1034.97186 438 0 0 1 -0.521243597 -0.0195414437 -0.853184179 -0.604851227 -0.696817444 0.38548728 -0.602046597 0.716982274 0.351391965 0.518792258 -0.274467179 1.23973335
IMG_6597.jpg 1035.4966 0 666 0 1034.97186 438 0 0 1 -0.509299676 -0.0848743706 -0.856393707 -0.589034178 -0.69112187 0.418795055 -0.627417387 0.717737349 0.301994239 -0.686043422 -0.247663674 1.17531395
IMG_6598.jpg 1035.4966 0 666 0 1034.97186 438 0 0 1 -0.501109505 -0.0898131942 -0.860710668 -0.68094248 -0.572866554 0.456225 -0.534047379 0.814713141 0.225911256 -2.14732843 0.00188779552 1.07126203
