132
IMG_6292.jpg 1035.4966 0 666 0 1034.97186 438 0 0 1 0.540820925 0.00374615485 0.841129415 -0.840451005 0.0428073338 0.540194076 -0.033982857 -0.999076323 0.0262995615 3.12442 0.188422336 1.63034882
IMG_6294.jpg 1035.4966 0 666 0 1034.97186 438 0 0 1 0.53771549 -0.0400120502 0.842176399 -0.600574554 0.682888398 0.415900999 -0.591753544 -0.729426125 0.343169451 3.24118702 -1.19658075 0.935752835
IMG_6296.jpg 1035.4966 0 666 0 1034.97186 438 0 0 1 0.514332792 -0.0395053156 0.856680284 -0.834737919 0.206009522 0.510659068 -0.196658043 -0.977752222 0.0729808674 4.25262385 -0.450917647 1.06939821
IMG_6299.jpg 1035.4966 0 666 0 1034.97186 438 0 0 1 0.522217138 -0.00517305428 0.852796869 -0.852808723 -0.000168390554 0.522223376 -0.00255788693 -0.999986605 -0.00449956224 5.48235796 0.0312243442 1.25845781
IMG_6301.jpg 1035.4966 0 666 0 1034.97186 438 0 0 1 0.520429309 -0.00920241667 0.853855169 -0.566868028 0.744095542 0.353528589 -0.638603142 -0.668009835 0.382032573 5.45811527 -1.19193502 0.5284045
IMG_6304.jpg 1035.4966 0 666 0 1034.97186 438 0 0 1 0.415811012 0.697176925 0.583991042 -0.908404902 0.349181206 0.229941339 -0.0436089006 -0.626112466 0.778512327 3.36954095 -2.60214256 4.62219623
IMG_6307.jpg 1035.4966 0 666 0 1034.97186 438 0 0 1 0.0284482919 0.998018741 0.0561185062 -0.808786118 -0.0100099237 0.588017701 0.587414427 -0.062115968 0.806898939 -0.385355093 0.646897964 5.55333482
IMG_6311.jpg 1035.4966 0 666 0 1034.97186 438 0 0 1 -0.00677492291 0.999874021 0.0143542164 -0.838838439 -0.0134965189 0.544213118 0.54433829 -0.00835386659 0.8388242 -0.002866088 0.0724214127 5.47170928
IMG_6313.jpg 1035.4966 0 666 0 1034.97186 438 0 0 1 -0.0179870014 0.999816144 0.00664419898 -0.794963604 -0.0183312919 0.606380105 0.606390415 0.00562506345 0.795147171 1.33257139 0.779954421 5.45974934
IMG_6315.jpg 1035.4966 0 666 0 1034.97186 438 0 0 1 -0.00793580025 0.999213697 -0.0388459863 -0.995312333 -0.0116373559 -0.0960100625 -0.0963866341 0.0379019725 0.994622068 1.16300769 -3.66937865 4.27422127
IMG_6318.jpg 1035.4966 0 666 0 1034.97186 438 0 0 1 -0.506692601 -0.0742815022 -0.858920757 -0.678526202 -0.580251196 0.45045615 -0.531850356 0.811043037 0.243607042 -6.01071767 -0.798041902 0.604162015
IMG_6320.jpg 1035.4966 0 666 0 1034.97186 438 0 0 1 -0.552054506 -0.0463381271 -0.832519429 -0.779258444 -0.326536314 0.5349115 -0.296634623 0.944048099 0.144156467 -4.52893842 -0.532179021 1.00951537
IMG_6322.jpg 1035.4966 0 666 0 1034.97186 438 0 0 1 -0.562577033 -0.0195430167 -0.826513855 -0.822219128 0.117687524 0.556871038 0.0863874295 0.992858357 -0.0822769405 -3.23980304 0.470467495 1.27642301
IMG_6324.jpg 1035.4966 0 666 0 1034.97186 438 0 0 1 -0.549820938 -0.00772058116 -0.835246867 -0.655781628 -0.615350681 0.437371691 -0.517346492 0.788215663 0.333269674 -3.23086764 -1.01212004 0.940070563
IMG_6326.jpg 1035.4966 0 666 0 1034.97186 438 0 0 1 -0.580274357 -0.0224336112 -0.814112034 -0.801186123 -0.163755415 0.575573592 -0.146227449 0.98624586 0.0770495705 -2.30610694 -0.0774919524 0.939065553
IMG_6330.jpg 1035.4966 0 666 0 1034.97186 438 0 0 1 -0.558600825 0.0708810108 -0.826402445 -0.702725115 -0.569723709 0.42613649 -0.44061608 0.818773948 0.368058 -1.00832356 -0.663042734 0.764689318
IMG_6332.jpg 1035.4966 0 666 0 1034.97186 438 0 0 1 -0.550518969 0.062315607 -0.832493622 -0.83117008 -0.134095125 0.539606148 -0.0780074519 0.989007211 0.125616778 0.592002721 -0.0428229195 0.987817877
IMG_6334.jpg 1035.4966 0 666 0 1034.97186 438 0 0 1 -0.531046982 -0.0108723321 -0.847272622 -0.847322963 0.0135822768 0.530904245 0.00573572401 0.999848646 -0.0164252038 1.81359044 0.477211544 1.42245331
IMG_6336.jpg 1035.4966 0 666 0 1034.97186 438 0 0 1 -0.55082274 -0.0322149888 -0.834000302 -0.679814364 -0.562389483 0.470712757 -0.484197005 0.826244675 0.287876704 1.73998016 -1.07450265 1.05610993
IMG_6338.jpg 1035.4966 0 666 0 1034.97186 438 0 0 1 -0.507972662 -0.046544725 -0.860114739 -0.791184186 -0.369596602 0.487263722 -0.340575041 0.92802583 0.150919519 2.94981043 -0.560557466 1.67743175
IMG_6340.jpg 1035.4966 0 666 0 1034.97186 438 0 0 1 -0.561682873 0.0355642083 -0.826587889 -0.826636175 0.0174451269 0.562466267 0.0344235981 0.999215119 0.0196000321 4.26596364 0.140432418 1.2916053
IMG_6342.jpg 1035.4966 0 666 0 1034.97186 438 0 0 1 -0.504474812 -0.0530459947 -0.861795385 -0.675868976 -0.596868017 0.432376801 -0.53731396 0.80058397 0.265252739 4.10907329 -1.06765373 1.23797085
IMG_6344.jpg 1035.4966 0 666 0 1034.97186 438 0 0 1 -0.0241020507 -0.998151498 0.05579138 -0.756541612 0.0546920058 0.651654489 -0.653501247 -0.026502291 -0.756461333 -1.30032618 -0.434266343 4.36178966
IMG_6347.jpg 1035.4966 0 666 0 1034.97186 438 0 0 1 0.0209415096 -0.993762578 0.109532602 -0.605928153 0.0745278914 0.792020623 -0.79524369 -0.0829549947 -0.600587997 -0.47370863 -1.48406621 4.32041511
IMG_6349.jpg 1035.4966 0 666 0 1034.97186 438 0 0 1 -0.0730060985 -0.993851111 -0.0832470902 -0.863724751 0.021271838 0.50351471 -0.498647835 0.108662217 -0.859966778 1.70047594 0.589773959 4.64565647
IMG_6351.jpg 1035.4966 0 666 0 1034.97186 438 0 0 1 -0.0113350741 -0.999245489 -0.0371479344 -0.268268594 -0.0327494258 0.962787327 -0.963277466 0.0208788898 -0.267694966 1.36405939 -3.37423484 3.47035369
IMG_6353.jpg 1035.4966 0 666 0 1034.97186 438 0 0 1 0.532277903 -0.0467467474 0.845278047 -0.84364286 0.0536648913 0.534216064 -0.070334618 -0.997464195 -0.0108729239 -4.81758192 0.129175614 2.18951163
IMG_6356.jpg 1035.4966 0 666 0 1034.97186 438 0 0 1 0.52836964 -0.105446163 0.842440876 -0.687974845 0.528272771 0.497612794 -0.497509936 -0.842501624 0.206578986 -3.07022484 -1.00623987 1.72362847
IMG_6358.jpg 1035.4966 0 666 0 1034.97186 438 0 0 1 0.537975839 -0.017095163 0.842786896 -0.836226911 0.115292589 0.536127011 -0.106332262 -0.993184461 0.0477291921 -1.96802488 -0.104426015 1.63590867
IMG_6360.jpg 1035.4966 0 666 0 1034.97186 438 0 0 1 -0.00636103858 0.999974517 -0.00324084901 -0.835926565 -0.00353877649 0.548829896 0.548804441 0.00620023993 0.835927773 -1.59536324 0.360057208 -1.45665694
IMG_6362.jpg 1035.4966 0 666 0 1034.97186 438 0 0 1 -0.0227811116 0.999209838 0.0325686909 -0.999421096 -0.0235851329 0.0245196616 0.025268424 -0.0319912516 0.999168688 -1.52968364 0.545112962 -1.34551854
IMG_6364.jpg 1035.4966 0 666 0 1034.97186 438 0 0 1 0.510191858 -0.027107692 0.859633318 -0.841537747 0.190584238 0.505462034 -0.17753447 -0.9812965 0.0744223806 -0.983438574 -0.0475113521 0.858848823
IMG_6366.jpg 1035.4966 0 666 0 1034.97186 438 0 0 1 0.574941715 -0.0463051122 0.816883016 -0.812268881 -0.152242868 0.563064272 0.098291859 -0.987257791 -0.125142977 0.382709783 0.610984385 0.622015097
IMG_6368.jpg 1035.4966 0 666 0 1034.97186 438 0 0 1 0.510240157 -0.045951995 0.858803468 -0.628278178 0.66199038 0.408699485 -0.58730019 -0.748102367 0.30890344 0.411060227 -0.658984214 0.364878934
IMG_6370.jpg 1035.4966 0 666 0 1034.97186 438 0 0 1 0.531456974 -0.0233050736 0.846764642 -0.84487864 0.0575224566 0.53185642 -0.0611029354 -0.998072162 0.0108807519 1.4777656 0.163021723 0.76571352
IMG_6372.jpg 1035.4966 0 666 0 1034.97186 438 0 0 1 0.576179339 0.0124388289 0.817228637 -0.813027116 -0.0936625086 0.57464271 0.0836915666 -0.995526298 -0.0438532972 3.03670342 0.718207701 0.965633182
IMG_6374.jpg 1035.4966 0 666 0 1034.97186 438 0 0 1 0.571365343 0.0641939793 0.818181385 -0.658521725 0.630825984 0.410375092 -0.489786467 -0.773264321 0.402705235 2.97551627 -0.90139641 0.801565492
IMG_6376.jpg 1035.4966 0 666 0 1034.97186 438 0 0 1 -0.0258072871 -0.999150468 -0.0321298342 -0.444465933 -0.0173206428 0.895628287 -0.895423932 0.0373943531 -0.443641347 0.656450014 1.14586299 -2.6374256
IMG_6378.jpg 1035.4966 0 666 0 1034.97186 438 0 0 1 -0.00384065155 -0.99992244 0.0118474735 -0.557698241 0.0119757515 0.82995738 -0.830034892 -0.00341973802 -0.557700981 -0.0640096573 0.829489286 -2.76305607
IMG_6380.jpg 1035.4966 0 666 0 1034.97186 438 0 0 1 0.0161545596 -0.99879384 -0.0463669728 -0.468593634 -0.0485278337 0.88207996 -0.883266119 0.00747765502 -0.468812381 -1.42373301 1.06065403 -2.75877369
IMG_6382.jpg 1035.4966 0 666 0 1034.97186 438 0 0 1 0.0281014312 0.998872718 -0.0382570638 -0.974403123 0.0359126437 0.221920786 0.223044531 0.0310415107 0.974313893 -0.908945223 -0.245438791 -0.764393684
IMG_6384.jpg 1035.4966 0 666 0 1034.97186 438 0 0 1 0.0170597225 0.999715286 0.0166827339 -0.994472218 0.0152366113 0.103888655 0.103604888 -0.018362827 0.99444901 -0.154772142 -0.315937694 -0.484671728
IMG_6386.jpg 1035.4966 0 666 0 1034.97186 438 0 0 1 0.0700118901 0.996005604 0.0554181604 -0.995281877 0.0734860826 -0.0633544068 -0.0671738077 -0.050721129 0.996451226 0.822697289 -0.171740107 -0.362086969
IMG_6388.jpg 1035.4966 0 666 0 1034.97186 438 0 0 1 -0.564605992 -0.0912434637 -0.820301594 -0.718949263 0.542513024 0.434501526 0.405378874 0.835077391 -0.371905525 -4.39983203 -0.449322918 0.301524204
IMG_6392.jpg 1035.4966 0 666 0 1034.97186 438 0 0 1 0.347823948 0.65892924 0.666956338 -0.493282999 -0.476337388 0.727856151 0.79730194 -0.582164023 0.159357041 3.152794 0.959558539 2.90731672
IMG_6394.jpg 1035.4966 0 666 0 1034.97186 438 0 0 1 0.543279469 -0.0531004483 0.837870969 -0.838951392 0.00340346128 0.544195717 -0.0317486979 -0.998583376 -0.0426996644 4.35160179 -0.811065458 -0.447451475
IMG_6396.jpg 1035.4966 0 666 0 1034.97186 438 0 0 1 0.0412074066 0.998467315 0.0369455118 -0.843862552 0.014980614 0.536350234 0.534974712 -0.053278536 0.843186489 0.226757988 -0.842704127 4.28776572
IMG_6398.jpg 1035.4966 0 666 0 1034.97186 438 0 0 1 -0.534958694 0.0586313199 -0.842841364 -0.843993151 0.00856503182 0.53628556 0.0386620933 0.998242961 0.0449024942 -4.41827074 -0.882103227 0.339184844
IMG_6401.jpg 1035.4966 0 666 0 1034.97186 438 0 0 1 -0.389371829 -0.762648615 -0.516484917 -0.82647522 0.0417488134 0.561422966 -0.406605815 0.645464273 -0.646565994 -0.44012914 -0.740597299 -0.33319736
IMG_6403.jpg 1035.4966 0 666 0 1034.97186 438 0 0 1 0.230296578 -0.875783049 0.424225809 -0.819353235 0.0606811439 0.570068483 -0.524998822 -0.478875609 -0.703601015 -0.0346862552 -0.746552012 -0.68041818
IMG_6405.jpg 1035.4966 0 666 0 1034.97186 438 0 0 1 0.401093694 0.685154779 0.608018731 -0.839725759 0.00978111782 0.542922627 0.36603893 -0.728331832 0.579265262 0.428753221 -0.845356929 0.237944669
IMG_6408.jpg 1035.4966 0 666 0 1034.97186 438 0 0 1 -0.557908837 -0.0120546566 -0.829814687 -0.829898512 0.0111013777 0.557803926 0.00248795145 0.999865713 -0.0161976983 -0.62141451 -0.799912039 0.521860706
IMG_6410.jpg 1035.4966 0 666 0 1034.97186 438 0 0 1 -0.075523301 -0.996760148 -0.0276665713 -0.995074488 0.0771242154 -0.0622785602 0.0642105495 0.0228268168 -0.997675269 -0.353802042 -0.878748257 -0.0292367486
IMG_6412.jpg 1035.4966 0 666 0 1034.97186 438 0 0 1 0.49809236 -0.0414169652 0.866134306 -0.633199363 -0.699795009 0.330674328 0.592420937 -0.713142048 -0.374787744 0.569283146 -0.537921614 0.543831819
IMG_6414.jpg 1035.4966 0 666 0 1034.97186 438 0 0 1 -0.0737096586 0.996610472 -0.0365301786 -0.382938311 0.00553753737 0.92375732 0.920828505 0.0820786415 0.381232161 0.0841729228 -0.2867167 0.904153509
IMG_6417.jpg 1035.4966 0 666 0 1034.97186 438 0 0 1 -0.324671842 -0.81075682 -0.487095036 -0.918646257 0.147735289 0.366419622 -0.225116082 0.566434165 -0.792764206 -0.4276773 -0.919627333 -0.533607336
IMG_6421.jpg 1035.4966 0 666 0 1034.97186 438 0 0 1 0.320043482 0.807786217 0.495028885 -0.71126947 -0.140293605 0.688776775 0.625833772 -0.57253745 0.52965362 0.339484907 -0.682391555 0.648513951
IMG_6423.jpg 1035.4966 0 666 0 1034.97186 438 0 0 1 -0.300133559 0.825176368 -0.478543424 -0.714204689 0.1381567 0.686166443 0.632322314 0.547719534 0.54787937 -0.177379729 -0.634345665 0.886283916
IMG_6429.jpg 1035.4966 0 666 0 1034.97186 438 0 0 1 0.363113502 -0.768677932 0.526576512 -0.884277842 -0.106219285 0.454719871 -0.293600549 -0.630754866 -0.718294519 -1.64921496 0.302165064 3.03208959
IMG_6431.jpg 1035.4966 0 666 0 1034.97186 438 0 0 1 0.35369027 0.777450498 0.520071069 -0.796407766 -0.0412920425 0.603348687 0.490548533 -0.627587198 0.60456302 -1.75213259 -0.334788525 -2.09114098
IMG_6434.jpg 1035.4966 0 666 0 1034.97186 438 0 0 1 -0.548556807 -0.115745823 -0.828063001 -0.829421673 0.200378337 0.521448185 0.105570438 0.972857352 -0.205920995 3.07576754 0.000252622138 0.683596652
IMG_6436.jpg 1035.4966 0 666 0 1034.97186 438 0 0 1 -0.0334383763 -0.998184853 -0.0500886603 -0.997600929 0.0363744347 -0.0589006464 0.0606156798 0.0479989521 -0.997006439 0.194889806 1.33750374 2.83348265
IMG_6438.jpg 1035.4966 0 666 0 1034.97186 438 0 0 1 0.575224225 0.0352399612 0.81723634 -0.622304266 -0.62956974 0.465165931 0.530899699 -0.776144373 -0.340213788 -2.96345694 -0.526242754 0.478295358
IMG_6440.jpg 1035.4966 0 666 0 1034.97186 438 0 0 1 0.0633034907 0.997256466 0.0383693689 -0.36001642 -0.0130385275 0.932854852 0.930795813 -0.0728665713 0.358203318 -0.185773259 -2.12472408 -2.03163317
IMG_6442.jpg 1035.4966 0 666 0 1034.97186 438 0 0 1 -0.585782862 -0.100323392 -0.804234826 -0.707202597 0.54797675 0.446750455 0.395882465 0.830455718 -0.391944352 2.89159849 -0.307709164 0.754487994
IMG_6444.jpg 1035.4966 0 666 0 1034.97186 438 0 0 1 -0.284957042 -0.712997869 -0.640650859 -0.364053254 -0.537776855 0.76043493 -0.886715689 0.449922318 -0.106325893 2.30031778 -1.10275472 2.26552116
IMG_6446.jpg 1035.4966 0 666 0 1034.97186 438 0 0 1 0.474361897 -0.541879203 0.693792274 -0.408845562 0.562349699 0.718754564 -0.779632026 -0.624603671 0.0452123623 -2.52435756 -1.17848507 1.80628971
IMG_6448.jpg 1035.4966 0 666 0 1034.97186 438 0 0 1 0.0333388489 0.99944014 -0.00281561764 -0.993576918 0.0328381944 -0.108289243 -0.108136156 0.00640777141 0.994115442 -0.0674253417 1.88005028 -1.71650459
IMG_6450.jpg 1035.4966 0 666 0 1034.97186 438 0 0 1 -0.467333563 -0.419457383 -0.778238296 -0.593262768 -0.503858233 0.627826543 -0.655468251 0.755104221 -0.0133785846 2.85480842 -0.535078813 1.72271566
IMG_6452.jpg 1035.4966 0 666 0 1034.97186 438 0 0 1 -0.0267001036 -0.998964122 -0.0368481773 -0.816502873 0.000527289173 0.57734113 -0.576723646 0.0455017106 -0.815671154 -0.227027197 0.262459201 -0.852794696
IMG_6454.jpg 1035.4966 0 666 0 1034.97186 438 0 0 1 0.545065711 0.0112673325 0.838317612 -0.838248471 0.0259106439 0.544672507 -0.0155843429 -0.999600763 0.0235678278 0.813104325 0.219595187 -0.228314903
IMG_6457.jpg 1035.4966 0 666 0 1034.97186 438 0 0 1 -0.313988587 0.790235773 -0.526249551 -0.877026542 -0.0291162423 0.479558848 0.363642148 0.612110829 0.702199915 -0.556795522 0.131081279 0.513813916
IMG_6459.jpg 1035.4966 0 666 0 1034.97186 438 0 0 1 -0.0612964529 -0.994250711 -0.0877967453 -0.817021774 -0.000546785939 0.576606557 -0.573339485 0.107075789 -0.812290964 -0.437553367 0.414902647 -4.44533705
IMG_6461.jpg 1035.4966 0 666 0 1034.97186 438 0 0 1 0.546783206 -0.101222759 0.831133009 -0.830624836 0.0592776958 0.553668255 -0.105311478 -0.993096223 -0.0516660887 4.32883448 0.268157394 -0.492154311
IMG_6464.jpg 1035.4966 0 666 0 1034.97186 438 0 0 1 -0.367072321 0.71501761 -0.594985486 -0.880361209 -0.0604983666 0.470429685 0.300369859 0.696483858 0.651681044 -2.98081855 -0.120441498 2.86239988
IMG_6466.jpg 1035.4966 0 666 0 1034.97186 438 0 0 1 -0.50383242 0.0390844636 -0.862916738 -0.861444025 -0.0964882193 0.498602262 -0.0637736976 0.994566452 0.0822829707 -4.39720492 0.507302119 -0.146701623
IMG_6471.jpg 1035.4966 0 666 0 1034.97186 438 0 0 1 0.322477138 0.785967057 0.527507612 -0.915735096 0.117940351 0.384082424 0.239661699 -0.606915035 0.757770685 2.92436578 -0.31255174 3.64261119
IMG_6475.jpg 1035.4966 0 666 0 1034.97186 438 0 0 1 0.272125583 -0.847856274 0.455068573 -0.749021792 0.110245432 0.653308732 -0.604081139 -0.518638297 -0.605062223 0.351001136 0.830333407 -0.875034122
IMG_6477.jpg 1035.4966 0 666 0 1034.97186 438 0 0 1 0.386944128 0.707048269 0.591909611 -0.902413482 0.158420749 0.400690371 0.189536669 -0.689191999 0.699349869 0.467353054 0.583823744 0.618101141
IMG_6481.jpg 1035.4966 0 666 0 1034.97186 438 0 0 1 0.752419898 0.264853379 -0.603089533 -0.506537966 -0.352616769 -0.786816817 -0.421050575 0.897504374 -0.131157582 0.054114508 1.75668488 0.74435858
IMG_6483.jpg 1035.4966 0 666 0 1034.97186 438 0 0 1 -0.708701668 -0.097492838 0.698739646 0.249725134 0.891620622 0.377690382 -0.659832785 0.442162655 -0.60754661 -0.420495704 -2.31323739 2.63879911
IMG_6485.jpg 1035.4966 0 666 0 1034.97186 438 0 0 1 0.806899363 -0.00253826911 -0.590683482 0.00080331981 -0.999985127 0.00539447894 -0.590688389 -0.00482730936 -0.806885323 0.00375174732 1.8136196 3.8612257
IMG_6487.jpg 1035.4966 0 666 0 1034.97186 438 0 0 1 0.843861685 0.179914984 -0.505497829 -0.535359945 0.345317666 -0.770808302 0.0358773677 0.921078883 0.387719623 -0.313386884 3.18421049 -1.66457376
IMG_6489.jpg 1035.4966 0 666 0 1034.97186 438 0 0 1 0.83824021 0.217659966 -0.499977489 -0.529967385 0.109275706 -0.840947912 -0.1284053 0.969888117 0.206951974 -0.358783326 4.53213112 -0.59620452
IMG_6491.jpg 1035.4966 0 666 0 1034.97186 438 0 0 1 0.839664798 0.141836544 -0.524257019 -0.497884094 -0.184601509 -0.847368699 -0.216966484 0.972524898 -0.0843852297 -0.138874086 5.34674945 0.974139474
IMG_6493.jpg 1035.4966 0 666 0 1034.97186 438 0 0 1 0.836469783 0.017120475 -0.547745553 -0.547640189 0.0629786857 -0.834340403 0.0202119911 0.997868015 0.0620556277 0.882341258 4.45581968 -0.334180551
IMG_6495.jpg 1035.4966 0 666 0 1034.97186 438 0 0 1 0.801328838 -0.0860504903 -0.592002877 -0.598111 -0.0960003896 -0.795642606 0.0116329296 0.991654798 -0.128395625 1.12903379 5.34303212 0.60031357
IMG_6498.jpg 1035.4966 0 666 0 1034.97186 438 0 0 1 0.818376112 0.0821315024 -0.568783751 -0.474386174 -0.462098439 -0.749281517 -0.3243737 0.883017242 -0.339208275 -0.411795124 -3.31254737 -1.81318888
IMG_6500.jpg 1035.4966 0 666 0 1034.97186 438 0 0 1 0.818111234 0.138889014 -0.558035707 -0.467331707 -0.404902959 -0.78591009 -0.335104587 0.903749653 -0.266348419 -0.500912095 -4.75403635 -2.82419615
IMG_6502.jpg 1035.4966 0 666 0 1034.97186 438 0 0 1 0.773144031 -0.024682374 -0.63375002 0.172894083 -0.953195063 0.24804598 -0.610209754 -0.301346898 -0.732689637 -0.624299353 2.81648092 -3.61665355
IMG_6504.jpg 1035.4966 0 666 0 1034.97186 438 0 0 1 0.731668242 0.0515540074 -0.679708591 -0.251856673 -0.906133981 -0.339837351 -0.633427028 0.419837341 -0.650005236 -0.937686558 -2.5717945 -3.35520015
IMG_6506.jpg 1035.4966 0 666 0 1034.97186 438 0 0 1 0.76144918 -0.151084908 -0.630371713 0.510320221 -0.459922322 0.726666863 -0.399710419 -0.875011319 -0.273105791 -0.693584632 4.64825143 -1.51665764
IMG_6508.jpg 1035.4966 0 666 0 1034.97186 438 0 0 1 0.870572736 -0.180493448 -0.457739257 0.478372418 0.528218769 0.7015303 0.115164844 -0.829702988 0.546195945 0.286725655 4.228551 2.98248803
IMG_6510.jpg 1035.4966 0 666 0 1034.97186 438 0 0 1 0.941659478 0.0167477262 -0.336150177 -0.0453914189 0.995955826 -0.0775345848 0.333492199 0.0882695101 0.938611446 0.793599208 0.352739212 4.2744165
IMG_6512.jpg 1035.4966 0 666 0 1034.97186 438 0 0 1 0.934222339 0.0394783061 -0.354499768 -0.116982017 0.972797272 -0.199951681 0.336962654 0.228269425 0.913427194 0.105991134 0.554497995 1.47874721
IMG_6514.jpg 1035.4966 0 666 0 1034.97186 438 0 0 1 0.888577792 0.170433444 -0.425889596 -0.431375592 0.626240586 -0.649413448 0.15602758 0.760772745 0.629984306 -0.164179505 0.774121207 0.129184291
IMG_6516.jpg 1035.4966 0 666 0 1034.97186 438 0 0 1 0.845265863 0.0814578838 -0.528100591 -0.50343363 0.452677475 -0.735960382 0.179109467 0.887945785 0.423641455 -0.267789079 1.09527979 -0.794252692
IMG_6518.jpg 1035.4966 0 666 0 1034.97186 438 0 0 1 0.897540469 0.014964996 -0.440678063 -0.041878392 0.997799157 -0.0514105264 0.438938842 0.0645979166 0.896191833 -0.466362792 -1.28730272 -2.2768581
IMG_6521.jpg 1035.4966 0 666 0 1034.97186 438 0 0 1 0.8411696 -0.182292199 -0.509120082 0.529810632 0.466400073 0.708358431 0.108325428 -0.86558681 0.488901908 -0.0786786962 -3.81411511 -0.621311445
IMG_6523.jpg 1035.4966 0 666 0 1034.97186 438 0 0 1 0.970426693 0.0329017785 -0.239143278 0.0351751385 0.960820661 0.274929751 0.23881948 -0.275211067 0.931248691 -1.22295306 0.411539033 -3.38461035
IMG_6525.jpg 1035.4966 0 666 0 1034.97186 438 0 0 1 0.890995678 0.208879038 -0.403108235 -0.413575273 0.739708982 -0.5308353 0.187302415 0.639687557 0.745464711 -0.305639616 3.60839664 -1.35674876
IMG_6527.jpg 1035.4966 0 666 0 1034.97186 438 0 0 1 0.993740875 -0.0396391569 -0.104440467 0.0520247045 0.991569741 0.118671308 0.0988559762 -0.123362014 0.987425597 -1.86132295 1.26193937 -3.72477413
IMG_6529.jpg 1035.4966 0 666 0 1034.97186 438 0 0 1 0.67697934 -0.60226532 -0.42305491 0.565429079 0.0576189447 0.822781875 -0.471157012 -0.796213879 0.37954516 -0.429932705 -5.10189788 -0.974370372
IMG_6531.jpg 1035.4966 0 666 0 1034.97186 438 0 0 1 0.835435341 -0.470482623 -0.284066704 0.483586759 0.383706542 0.786710325 -0.261135285 -0.794616506 0.548081173 -0.994618099 -4.08674974 -2.72115824
IMG_6534.jpg 1035.4966 0 666 0 1034.97186 438 0 0 1 0.665739391 0.312482945 -0.67760274 -0.336845166 -0.684443395 -0.646585318 -0.665827603 0.658704523 -0.350402559 0.670225844 3.99398938 2.57491044
IMG_6536.jpg 1035.4966 0 666 0 1034.97186 438 0 0 1 0.807484423 -0.0089982724 -0.589820259 -0.546752752 -0.386745399 -0.742623339 -0.221427944 0.922142629 -0.317210715 -0.025604074 3.42325397 1.3906532
IMG_6538.jpg 1035.4966 0 666 0 1034.97186 438 0 0 1 0.777662242 -0.224386448 -0.587275198 0.535285576 -0.253583542 0.805707602 -0.329713192 -0.940928323 -0.0770915169 0.0247253785 -3.6240376 0.815063301
IMG_6541.jpg 1035.4966 0 666 0 1034.97186 438 0 0 1 0.806785454 -0.03140519 -0.590009276 0.191890488 -0.930527631 0.311923657 -0.558815956 -0.364872637 -0.7447098 -0.0744164753 -2.57183692 3.17060034
IMG_6543.jpg 1035.4966 0 666 0 1034.97186 438 0 0 1 0.634958653 -0.230860475 -0.737245516 0.337101336 -0.775866751 0.533285546 -0.695118838 -0.58714072 -0.414819932 0.509843804 -2.4646861 1.64464807
IMG_6546.jpg 1035.4966 0 666 0 1034.97186 438 0 0 1 0.833953975 -0.0886253036 -0.544670839 0.4770348 -0.38040751 0.792292828 -0.27741407 -0.920562698 -0.274965001 -0.261623606 -1.94238751 0.406880472
IMG_6548.jpg 1035.4966 0 666 0 1034.97186 438 0 0 1 0.843476259 0.0424033583 -0.535490201 0.536041354 -0.00195679295 0.844189456 0.0347486245 -0.999098657 -0.024380462 0.456264243 -3.19945098 -1.52864023
IMG_6550.jpg 1035.4966 0 666 0 1034.97186 438 0 0 1 -0.469144573 0.384558546 -0.794995657 -0.846887246 -0.451124297 0.281547263 -0.25037045 0.805358053 0.537320244 2.79334927 -0.387596254 0.934935396
IMG_6552.jpg 1035.4966 0 666 0 1034.97186 438 0 0 1 -0.0108273584 -0.998022121 -0.0619242698 -0.404453369 -0.0522650328 0.913063984 -0.914494528 0.0349315505 -0.403087516 0.28832086 -2.51247365 4.0767129
IMG_6554.jpg 1035.4966 0 666 0 1034.97186 438 0 0 1 0.53630984 0.0169603898 0.843850757 -0.700517332 0.566631119 0.433825591 -0.470794248 -0.823797014 0.315770892 -2.94370934 -0.896604273 1.52150444
IMG_6556.jpg 1035.4966 0 666 0 1034.97186 438 0 0 1 -0.393688544 0.663362747 -0.636364044 -0.839943118 0.021687441 0.542240918 0.373503532 0.747983637 0.548648877 2.14038841 0.228940992 0.471374999
IMG_6558.jpg 1035.4966 0 666 0 1034.97186 438 0 0 1 -0.422510752 -0.596304733 -0.682572582 -0.882346672 0.0984140713 0.460194546 -0.207241439 0.79670279 -0.5677285 3.2754262 0.874907211 4.07563745
IMG_6560.jpg 1035.4966 0 666 0 1034.97186 438 0 0 1 0.424990308 -0.621287327 0.658320055 -0.863941985 -0.0613426617 0.4998413 -0.270161961 -0.781178043 -0.562826243 -2.48155615 0.616077731 4.72362683
IMG_6562.jpg 1035.4966 0 666 0 1034.97186 438 0 0 1 0.353270138 0.737057703 0.576147683 -0.759662933 -0.133424739 0.636482574 0.545996738 -0.662528325 0.51278044 -2.08502028 0.235044089 -0.186413655
IMG_6564.jpg 1035.4966 0 666 0 1034.97186 438 0 0 1 0.00146262807 -0.99957638 0.0290675412 -0.949336007 0.00774682899 0.314167363 -0.314259456 -0.0280543735 -0.948922519 0.223223067 -0.155796494 -1.82337227
IMG_6566.jpg 1035.4966 0 666 0 1034.97186 438 0 0 1 0.563897395 -0.0331289172 0.825180103 -0.804533459 -0.247565884 0.539849096 0.186401825 -0.968304502 -0.166255079 4.40610218 0.835147793 1.35388333
IMG_6569.jpg 1035.4966 0 666 0 1034.97186 438 0 0 1 -0.418907749 0.596755849 -0.684396636 -0.799403815 0.115102887 0.589665046 0.430662094 0.794124538 0.428831411 -3.92624906 0.869546055 5.09084983
IMG_6571.jpg 1035.4966 0 666 0 1034.97186 438 0 0 1 -0.452595954 -0.606157935 -0.65401029 -0.880297084 0.186723375 0.436132348 -0.142246075 0.773115088 -0.618109307 -3.32669404 0.280053983 -0.472152877
IMG_6573.jpg 1035.4966 0 666 0 1034.97186 438 0 0 1 -0.489285775 -0.015676348 -0.871982616 -0.732931386 -0.534490048 0.420870493 -0.472663743 0.845029372 0.25002869 -4.31055489 -0.389815063 1.52451879
IMG_6576.jpg 1035.4966 0 666 0 1034.97186 438 0 0 1 0.420005148 0.673803905 0.607934185 -0.858344386 0.512463694 0.0250175476 -0.294687277 -0.532324393 0.793593189 3.55223434 -2.77575472 4.09645082
IMG_6578.jpg 1035.4966 0 666 0 1034.97186 438 0 0 1 0.54030499 -0.350167534 0.765149146 -0.52913067 0.56564554 0.632507595 -0.654286827 -0.74661089 0.120336726 3.25153631 0.493426524 0.595504333
IMG_6580.jpg 1035.4966 0 666 0 1034.97186 438 0 0 1 0.57759612 0.0168886938 0.816147961 -0.593106901 0.695638813 0.405352742 -0.56089832 -0.718193159 0.41181508 1.62079183 -0.0425185823 1.02993233
IMG_6583.jpg 1035.4966 0 666 0 1034.97186 438 0 0 1 0.619793488 0.0223358926 0.784447028 -0.583838967 0.68106996 0.441900181 -0.524393071 -0.731877597 0.43516329 -1.32733428 -0.321030932 1.01614116
IMG_6586.jpg 1035.4966 0 666 0 1034.97186 438 0 0 1 0.0601771908 0.997649407 0.0327775277 -0.99817571 0.059983 0.00687683899 0.00489457989 -0.0331315609 0.999439014 -1.86967142 1.44235984 -1.0202271
IMG_6589.jpg 1035.4966 0 666 0 1034.97186 438 0 0 1 0.613115605 -0.00183076665 0.789991078 -0.695343401 0.473371267 0.540756135 -0.374949076 -0.880861108 0.288958299 -4.99128123 -0.841862981 2.13980858
IMG_6591.jpg 1035.4966 0 666 0 1034.97186 438 0 0 1 0.11685335 -0.992722632 -0.0291044843 -0.305903773 -0.0638574824 0.949918472 -0.944864105 -0.102097984 -0.311139559 -0.0567219704 -2.79168868 4.37243498
IMG_6596.jpg 1035.4966 0 666 0 1034.97186 438 0 0 1 -0.521243597 -0.0195414437 -0.853184179 -0.604851227 -0.696817444 0.38548728 -0.602046597 0.716982274 0.351391965 0.518792258 -0.274467179 1.23973335
IMG_6598.jpg 1035.4966 0 666 0 1034.97186 438 0 0 1 -0.501109505 -0.0898131942 -0.860710668 -0.68094248 -0.572866554 0.456225 -0.534047379 0.814713141 0.225911256 -2.14732843 0.00188779552 1.07126203
