125
_DSC9213.JPG 4528.5977 0 2489 0 4528.07455 1650 0 0 1 0.989631867 -0.0901585878 0.111804283 -0.0183311748 0.692781581 0.720914454 -0.142452577 -0.71548942 0.683946016 -0.334955901 -2.09849942 3.71109425
_DSC9214.JPG 4528.5977 0 2489 0 4528.07455 1650 0 0 1 0.974602217 0.189802537 -0.118850816 -0.0612828741 0.736504378 0.67365103 0.215394821 -0.649258267 0.729430445 -0.462162486 -2.06406293 3.32207028
_DSC9215.JPG 4528.5977 0 2489 0 4528.07455 1650 0 0 1 0.887768875 0.353992784 -0.294203217 -0.0542289531 0.715156896 0.696857112 0.457083849 -0.602693722 0.654090692 -0.245802701 -1.94610041 3.26298412
_DSC9216.JPG 4528.5977 0 2489 0 4528.07455 1650 0 0 1 0.805091502 0.441543982 -0.396063866 -0.0674928924 0.731586353 0.678399674 0.589298212 -0.519442316 0.618795036 0.00587910242 -1.97051493 3.17017909
_DSC9217.JPG 4528.5977 0 2489 0 4528.07455 1650 0 0 1 0.618639395 0.553234989 -0.557867678 -0.0663286861 0.74428986 0.664554821 0.782870235 -0.374117162 0.497142378 0.137639143 -1.93804723 3.10003625
_DSC9218.JPG 4528.5977 0 2489 0 4528.07455 1650 0 0 1 0.333962458 0.662578227 -0.67041716 -0.0958856744 0.731443747 0.675126642 0.937696653 -0.161183551 0.307806512 0.176513755 -1.93574126 3.35079183
_DSC9219.JPG 4528.5977 0 2489 0 4528.07455 1650 0 0 1 0.119271373 0.701037783 -0.703079203 -0.128390404 0.713078542 0.689227754 0.98452539 0.00806348288 0.175056381 0.278558244 -2.04286026 3.54119639
_DSC9220.JPG 4528.5977 0 2489 0 4528.07455 1650 0 0 1 -0.112578887 0.686370075 -0.718485987 -0.156984897 0.701715397 0.694946936 0.981163461 0.191027801 0.0287513972 0.491600156 -2.09868767 3.58964175
_DSC9221.JPG 4528.5977 0 2489 0 4528.07455 1650 0 0 1 -0.45417551 0.630085599 -0.629854542 -0.155819766 0.63990075 0.752494007 0.877180031 0.439908137 -0.192447459 0.234460994 -2.11434547 3.52043309
_DSC9222.JPG 4528.5977 0 2489 0 4528.07455 1650 0 0 1 -0.709924385 0.490992792 -0.504909344 -0.119364375 0.622663008 0.77333235 0.694088981 0.609275682 -0.383436605 0.494760136 -1.98374011 3.34490616
_DSC9223.JPG 4528.5977 0 2489 0 4528.07455 1650 0 0 1 -0.895340562 0.263175213 -0.35931057 -0.13579982 0.60701923 0.782998125 0.424174124 0.749844291 -0.507749792 0.736009901 -1.98211606 3.04256728
_DSC9224.JPG 4528.5977 0 2489 0 4528.07455 1650 0 0 1 -0.997530404 -0.0702066559 0.002029372 -0.042884026 0.631691118 0.774033134 -0.0556242141 0.772034557 -0.63314184 0.409009648 -1.80724849 3.51929
_DSC9225.JPG 4528.5977 0 2489 0 4528.07455 1650 0 0 1 -0.831067155 -0.436138576 0.345123929 -5.02886607e-05 0.620593361 0.784132564 -0.556172079 0.651649463 -0.515776692 0.00990746471 -1.95511504 3.83080667
_DSC9226.JPG 4528.5977 0 2489 0 4528.07455 1650 0 0 1 -0.534627093 -0.626750789 0.566883869 0.0673839605 0.637047363 0.767873726 -0.842397337 0.448724978 -0.298349829 -0.22774637 -2.00391996 3.9587245
_DSC9227.JPG 4528.5977 0 2489 0 4528.07455 1650 0 0 1 -0.156134016 -0.733453114 0.661565339 0.0832555239 0.65762367 0.748732013 -0.984220853 0.171981505 -0.0416134015 -0.26632877 -2.09534032 3.97521127
_DSC9228.JPG 4528.5977 0 2489 0 4528.07455 1650 0 0 1 0.370357811 -0.694499133 0.616851721 0.111765032 0.692567548 0.712642105 -0.922140808 -0.194990118 0.334118519 -0.323869877 -2.1778572 3.5364021
_DSC9229.JPG 4528.5977 0 2489 0 4528.07455 1650 0 0 1 0.708362613 -0.521584634 0.475575313 0.0864262352 0.732785939 0.674948348 -0.70053759 -0.437005992 0.564156759 -0.246063687 -2.10561515 3.53208296
_DSC9230.JPG 4528.5977 0 2489 0 4528.07455 1650 0 0 1 0.916191184 -0.302104646 0.263299255 0.0516166844 0.740519423 0.670049776 -0.397403362 -0.600303063 0.694051007 -0.21798593 -2.11115974 3.45863064
_DSC9231.JPG 4528.5977 0 2489 0 4528.07455 1650 0 0 1 0.968588897 -0.174740843 0.176921413 0.0547887056 0.843957451 0.53360474 -0.242556687 -0.507150331 0.827021641 -0.345571078 -1.99536144 3.07835686
_DSC9232.JPG 4528.5977 0 2489 0 4528.07455 1650 0 0 1 0.971952783 -0.172213078 0.160157556 -0.0268587103 0.595270445 0.803076402 -0.233637318 -0.784853969 0.573949345 -0.42727697 -1.23084943 3.79824471
_DSC9233.JPG 4528.5977 0 2489 0 4528.07455 1650 0 0 1 0.965079206 0.198198665 -0.171287525 -0.075027666 0.835612814 0.544170998 0.250984016 -0.512316811 0.821302934 -0.296027235 -1.92277499 3.01323642
_DSC9234.JPG 4528.5977 0 2489 0 4528.07455 1650 0 0 1 0.977359495 0.150289981 -0.148934007 0.0325756141 0.588620598 0.807752822 0.209062781 -0.794316507 0.570398142 -0.074916501 -1.11231803 3.61929351
_DSC9235.JPG 4528.5977 0 2489 0 4528.07455 1650 0 0 1 0.670554003 0.526653913 -0.522487305 -0.132266567 0.777880753 0.614334672 0.729974578 -0.342836972 0.591269758 0.100376637 -1.8581242 3.00577248
_DSC9236.JPG 4528.5977 0 2489 0 4528.07455 1650 0 0 1 0.678903313 0.52885936 -0.509311367 0.103704554 0.617646249 0.779588658 0.726867015 -0.582083231 0.364476961 0.118281916 -1.15972637 3.52822389
_DSC9237.JPG 4528.5977 0 2489 0 4528.07455 1650 0 0 1 0.0826493321 0.690967554 -0.718145478 -0.218085277 0.715684897 0.663501274 0.972423724 0.101779019 0.209840729 0.558740657 -2.03085915 3.30952387
_DSC9238.JPG 4528.5977 0 2489 0 4528.07455 1650 0 0 1 0.0669023246 0.699403338 -0.711589101 0.225343382 0.684168206 0.693638397 0.97197965 -0.206757916 -0.11183347 0.479119233 -0.75290168 3.97275098
_DSC9239.JPG 4528.5977 0 2489 0 4528.07455 1650 0 0 1 -0.549944464 0.581747021 -0.599275804 -0.12787971 0.650411594 0.748739967 0.825353177 0.488400616 -0.283296615 0.570837302 -1.66547663 3.91415316
_DSC9240.JPG 4528.5977 0 2489 0 4528.07455 1650 0 0 1 -0.472658004 0.618160012 -0.628070546 0.156637197 0.760290333 0.630415259 0.867213468 0.199591608 -0.456184163 0.921941428 -0.586414333 4.30399351
_DSC9241.JPG 4528.5977 0 2489 0 4528.07455 1650 0 0 1 -0.939877141 0.220797199 -0.260537055 -0.0981627629 0.556035568 0.825341456 0.327100951 0.801294605 -0.500931057 0.615087652 -1.95853795 3.80762192
_DSC9242.JPG 4528.5977 0 2489 0 4528.07455 1650 0 0 1 -0.942744697 0.233658942 -0.237983055 0.0707961644 0.837500202 0.541831445 0.325914619 0.493960434 -0.806091031 0.560882898 -0.461349062 4.41318429
_DSC9243.JPG 4528.5977 0 2489 0 4528.07455 1650 0 0 1 -0.928738437 -0.288934161 0.232297149 0.0708256984 0.476765507 0.876172569 -0.363907454 0.830187751 -0.422326489 0.0756594003 -2.16756716 3.16541422
_DSC9244.JPG 4528.5977 0 2489 0 4528.07455 1650 0 0 1 -0.915031879 -0.289242696 0.281167785 -0.0591140362 0.785653446 0.615836175 -0.399026554 0.546888769 -0.735996252 -0.117422047 -0.96377716 3.89224926
_DSC9245.JPG 4528.5977 0 2489 0 4528.07455 1650 0 0 1 -0.588134161 -0.592124549 0.550896295 0.125968934 0.605778579 0.785597951 -0.798893007 0.531432811 -0.281689778 -0.0271302408 -1.96274083 3.59872128
_DSC9246.JPG 4528.5977 0 2489 0 4528.07455 1650 0 0 1 -0.623877358 -0.55857225 0.546602309 -0.134315066 0.765634435 0.62909727 -0.769893827 0.319062618 -0.552686657 0.0767877452 -0.987453915 4.15371116
_DSC9247.JPG 4528.5977 0 2489 0 4528.07455 1650 0 0 1 0.0537003098 -0.766437522 0.640070153 0.125427535 0.64109554 0.757142287 -0.990648379 0.0396236465 0.130559399 -0.0239666862 -1.88848198 3.82987688
_DSC9248.JPG 4528.5977 0 2489 0 4528.07455 1650 0 0 1 0.07644461 -0.77260905 0.630263022 -0.177598519 0.61145352 0.771092316 -0.981129445 -0.170879631 -0.0904718976 -0.0872834938 -0.914592618 4.27440366
_DSC9249.JPG 4528.5977 0 2489 0 4528.07455 1650 0 0 1 0.790489702 -0.468941856 0.393979145 0.127303798 0.75500834 0.643238797 -0.599099136 -0.458318603 0.656524397 -0.440279037 -1.99925828 3.55016995
_DSC9250.JPG 4528.5977 0 2489 0 4528.07455 1650 0 0 1 0.758897137 -0.49744356 0.42026782 -0.12832912 0.518471399 0.845410578 -0.638440892 -0.695512267 0.329629965 -0.244222876 -0.641465245 4.13601286
_DSC9251.JPG 4528.5977 0 2489 0 4528.07455 1650 0 0 1 0.994654072 -0.0955941906 0.0390516035 0.072891418 0.917837526 0.390206505 -0.0731445021 -0.385273962 0.919898829 -0.253059172 -1.92512324 2.84411741
_DSC9252.JPG 4528.5977 0 2489 0 4528.07455 1650 0 0 1 0.99409594 -0.0871276438 0.0646686563 0.0116700775 0.678395791 0.734603947 -0.107875255 -0.729512114 0.675407289 -0.231034258 -0.885176363 3.59264918
_DSC9253.JPG 4528.5977 0 2489 0 4528.07455 1650 0 0 1 0.90534584 0.284710155 -0.31510163 -0.137128301 0.898225429 0.417596585 0.401926286 -0.33485998 0.852246476 0.118366524 -1.72767495 2.7145365
_DSC9254.JPG 4528.5977 0 2489 0 4528.07455 1650 0 0 1 0.912476011 0.300501473 -0.277644366 0.0607586078 0.571566349 0.818303306 0.404593525 -0.763551421 0.503282531 0.183356956 -0.214320367 3.37262943
_DSC9255.JPG 4528.5977 0 2489 0 4528.07455 1650 0 0 1 0.35861611 0.633404427 -0.685706437 -0.369876735 0.770858951 0.518620939 0.857079743 0.0676410337 0.510724 0.303419218 -1.76509505 2.87878043
_DSC9256.JPG 4528.5977 0 2489 0 4528.07455 1650 0 0 1 0.378468584 0.657945981 -0.651051931 0.0627701962 0.683509996 0.727237229 0.923483315 -0.316103102 0.217387662 0.371860058 -0.421680609 3.63002992
_DSC9257.JPG 4528.5977 0 2489 0 4528.07455 1650 0 0 1 -0.292656288 0.653008251 -0.698521669 -0.398284118 0.580876664 0.70989581 0.869322758 0.48596556 0.0900856073 0.425220591 -1.84194427 3.4562699
_DSC9258.JPG 4528.5977 0 2489 0 4528.07455 1650 0 0 1 -0.280043732 0.683791003 -0.673799207 0.0879194243 0.717202247 0.691296688 0.955952762 0.134353266 -0.260966506 0.472070166 -0.407295945 4.01931697
_DSC9259.JPG 4528.5977 0 2489 0 4528.07455 1650 0 0 1 -0.805992985 0.405876774 -0.430858854 -0.290916122 0.362298453 0.885498527 0.515502782 0.839049388 -0.173933915 0.642621463 -1.83063789 2.87067916
_DSC9260.JPG 4528.5977 0 2489 0 4528.07455 1650 0 0 1 -0.774380891 0.468122774 -0.425670417 0.0253242709 0.695155219 0.718413462 0.632212714 0.545545864 -0.550169786 0.792534075 -0.667035905 3.439057
_DSC9261.JPG 4528.5977 0 2489 0 4528.07455 1650 0 0 1 -0.983808726 -0.144828085 0.105570903 0.0665520856 0.251714325 0.9655106 -0.16640676 0.956903717 -0.238000139 0.304126828 -2.02553564 2.76926394
_DSC9262.JPG 4528.5977 0 2489 0 4528.07455 1650 0 0 1 -0.995327525 -0.06636891 0.0701304929 -0.0017783995 0.738794759 0.673928143 -0.0965399168 0.67065451 -0.735460789 0.602034622 -0.492515819 3.53842313
_DSC9263.JPG 4528.5977 0 2489 0 4528.07455 1650 0 0 1 -0.518636552 -0.669415811 0.531882129 0.309118485 0.433196451 0.846632504 -0.797158635 0.603509161 -0.0177427123 -0.134869078 -2.08997362 3.48396759
_DSC9264.JPG 4528.5977 0 2489 0 4528.07455 1650 0 0 1 -0.52484768 -0.643464974 0.557214268 -0.0785472193 0.688444362 0.721023367 -0.847564303 0.33465981 -0.41187081 -0.104165429 -0.572041796 4.30615903
_DSC9265.JPG 4528.5977 0 2489 0 4528.07455 1650 0 0 1 0.038200229 -0.753016709 0.656891604 0.433834548 0.60468407 0.667940687 -0.900182386 0.259466785 0.349783733 -0.199893439 -2.04324255 3.05600787
_DSC9266.JPG 4528.5977 0 2489 0 4528.07455 1650 0 0 1 0.0697513306 -0.754127485 0.653013391 -0.172454842 0.635636005 0.752480031 -0.982544696 -0.165101805 -0.0857164794 -0.324010328 -0.351786362 3.92127721
_DSC9267.JPG 4528.5977 0 2489 0 4528.07455 1650 0 0 1 0.663517061 -0.570010259 0.484596135 0.372400491 0.813401516 0.446873414 -0.648893661 -0.116044296 0.751977884 -0.404979839 -1.86143813 2.50785903
_DSC9268.JPG 4528.5977 0 2489 0 4528.07455 1650 0 0 1 0.646523228 -0.557844983 0.520400509 -0.160141146 0.567705159 0.80750583 -0.74589713 -0.60540881 0.277700637 -0.324551726 -0.091328634 3.49497228
_DSC9269.JPG 4528.5977 0 2489 0 4528.07455 1650 0 0 1 0.99053588 -0.123532229 0.0598202229 0.092072885 0.921266672 0.377876041 -0.101790247 -0.368791956 0.923921663 -0.197256068 -1.734337 2.71656463
_DSC9270.JPG 4528.5977 0 2489 0 4528.07455 1650 0 0 1 0.989843236 -0.12461664 0.0684182785 0.00804014637 0.529567367 0.84822978 -0.141935633 -0.839064418 0.525190612 -0.169708452 -0.361102803 3.46249125
_DSC9271.JPG 4528.5977 0 2489 0 4528.07455 1650 0 0 1 0.944612897 0.223878052 -0.239968943 -0.18276755 0.966174318 0.181942875 0.272584846 -0.12800705 0.953578364 -0.195805797 -1.66810815 2.85940395
_DSC9272.JPG 4528.5977 0 2489 0 4528.07455 1650 0 0 1 0.949338691 0.222066043 -0.222357196 -0.0111651196 0.730957483 0.682331663 0.314056348 -0.645281203 0.696405614 -0.156395735 -0.468909639 3.14829095
_DSC9273.JPG 4528.5977 0 2489 0 4528.07455 1650 0 0 1 0.636374166 0.544702881 -0.546192909 -0.425207736 0.838488113 0.34078742 0.64360415 0.0153771403 0.765204052 0.175379392 -1.54731566 2.82824639
_DSC9274.JPG 4528.5977 0 2489 0 4528.07455 1650 0 0 1 0.646538279 0.536582049 -0.542280332 -0.0576937762 0.743187006 0.666591706 0.76069684 -0.399690854 0.511456292 0.220257203 -0.492382133 3.13485213
_DSC9275.JPG 4528.5977 0 2489 0 4528.07455 1650 0 0 1 0.0889669936 0.707949763 -0.700636858 -0.322200141 0.686061254 0.652308995 0.9424818 0.167711324 0.289138321 0.360644513 -0.75930859 3.36519058
_DSC9276.JPG 4528.5977 0 2489 0 4528.07455 1650 0 0 1 0.108519645 0.693681296 -0.712060212 -0.110928492 0.720266886 0.684770387 0.987885801 0.00467672637 0.155112127 0.442342463 -0.506704014 3.39120941
_DSC9277.JPG 4528.5977 0 2489 0 4528.07455 1650 0 0 1 -0.413087931 0.651756416 -0.636059695 -0.246631763 0.59227252 0.767063254 0.876659076 0.473737096 -0.0839167953 0.589279217 -0.616007043 3.93814122
_DSC9278.JPG 4528.5977 0 2489 0 4528.07455 1650 0 0 1 -0.440726221 0.649333141 -0.619779695 0.00230995137 0.691271548 0.722591386 0.897638603 0.31703331 -0.306161425 0.434064862 -0.0304684827 4.03383911
_DSC9279.JPG 4528.5977 0 2489 0 4528.07455 1650 0 0 1 -0.854198745 0.369694958 -0.365609275 -0.28600442 0.253144556 0.924185753 0.43421881 0.894004179 -0.11050137 0.411170564 -1.67399964 3.47621499
_DSC9280.JPG 4528.5977 0 2489 0 4528.07455 1650 0 0 1 -0.828345993 0.405964677 -0.386051288 -0.068982054 0.609952808 0.789429571 0.555953588 0.680551433 -0.477247687 0.60649712 -0.509832924 3.7847159
_DSC9281.JPG 4528.5977 0 2489 0 4528.07455 1650 0 0 1 -0.998174947 -0.0233391785 -0.0556961252 -0.0579658046 0.111681852 0.992051979 -0.0169334317 0.993469902 -0.112830901 0.439282702 -1.8403799 2.90387244
_DSC9282.JPG 4528.5977 0 2489 0 4528.07455 1650 0 0 1 -0.998082155 0.0156840962 -0.0598834033 -0.040995137 0.557370783 0.829250993 0.0463833117 0.830115546 -0.55565886 0.526295337 -0.669981995 3.27943311
_DSC9283.JPG 4528.5977 0 2489 0 4528.07455 1650 0 0 1 -0.635624675 -0.580305462 0.509143244 0.450446168 0.256824748 0.855066839 -0.626960542 0.772843205 0.0981522246 -0.162166745 -2.06175674 3.01429265
_DSC9284.JPG 4528.5977 0 2489 0 4528.07455 1650 0 0 1 -0.684944608 -0.548673855 0.479382816 0.064965231 0.60934271 0.79024109 -0.72569305 0.572414589 -0.38172128 0.0833027217 -0.693612483 3.55739006
_DSC9285.JPG 4528.5977 0 2489 0 4528.07455 1650 0 0 1 0.0973992657 -0.749024948 0.65534343 0.573427654 0.580426779 0.578174264 -0.813445824 0.319478297 0.486044761 -0.347183611 -2.10535217 3.11780424
_DSC9286.JPG 4528.5977 0 2489 0 4528.07455 1650 0 0 1 0.107420632 -0.737050017 0.667246641 0.123967951 0.675822071 0.726564846 -0.986454639 0.00466914397 0.163967814 -0.36328495 -0.79438441 3.68530654
_DSC9287.JPG 4528.5977 0 2489 0 4528.07455 1650 0 0 1 0.835198289 -0.428391515 0.344854357 0.32419291 0.890046954 0.320492397 -0.444232793 -0.155875364 0.882247185 -0.478271708 -1.82396102 2.79718531
_DSC9288.JPG 4528.5977 0 2489 0 4528.07455 1650 0 0 1 0.811865034 -0.439584846 0.384239938 0.0618401737 0.719161881 0.692085241 -0.580560901 -0.538118343 0.611046388 -0.313176374 -0.690543658 3.37450724
_DSC9289.JPG 4528.5977 0 2489 0 4528.07455 1650 0 0 1 0.997622289 0.0658104807 -0.0204633812 -0.0649668519 0.997106543 0.0394696004 0.0230016846 -0.0380463117 0.999011211 -0.328108691 -1.35155717 2.97257324
_DSC9290.JPG 4528.5977 0 2489 0 4528.07455 1650 0 0 1 0.996291156 0.0377770358 -0.0773099499 0.0266040102 0.719210337 0.694282881 0.0818300643 -0.693764648 0.715537877 -0.461660672 0.402321665 3.08972057
_DSC9291.JPG 4528.5977 0 2489 0 4528.07455 1650 0 0 1 0.813433123 0.420458655 -0.401921725 -0.399058352 0.906130684 0.140284051 0.423177251 0.046278527 0.904864251 0.028988986 -1.24376487 2.86475589
_DSC9292.JPG 4528.5977 0 2489 0 4528.07455 1650 0 0 1 0.786592124 0.450373836 -0.422417139 0.0114425079 0.673357013 0.739228924 0.617366909 -0.586305161 0.524503916 -0.0808976589 0.742990596 2.86903931
_DSC9293.JPG 4528.5977 0 2489 0 4528.07455 1650 0 0 1 0.254104337 0.694799952 -0.672817964 -0.663632786 0.63130862 0.401299079 0.703578361 0.344532224 0.621510286 0.331597066 -1.50290872 3.16736046
_DSC9294.JPG 4528.5977 0 2489 0 4528.07455 1650 0 0 1 0.267603178 0.684672513 -0.677946966 0.0308859176 0.697151093 0.716258622 0.963034059 -0.212612098 0.165413109 0.362721229 0.989333405 3.25943169
_DSC9295.JPG 4528.5977 0 2489 0 4528.07455 1650 0 0 1 -0.316239624 0.679356859 -0.662168225 -0.68016403 0.324215582 0.657465702 0.661339091 0.658299714 0.359544285 0.629329096 -1.58037287 3.27318094
_DSC9296.JPG 4528.5977 0 2489 0 4528.07455 1650 0 0 1 -0.339644167 0.66581912 -0.664324272 -0.0527201512 0.691724347 0.720234693 0.939075303 0.279646789 -0.199838055 0.544740375 0.863396514 3.48493952
_DSC9297.JPG 4528.5977 0 2489 0 4528.07455 1650 0 0 1 -0.872591321 0.343153625 -0.347606066 -0.357114457 0.0373323514 0.933314288 0.333247133 0.938537098 0.0899692348 0.424585772 -1.6828602 3.33747592
_DSC9298.JPG 4528.5977 0 2489 0 4528.07455 1650 0 0 1 -0.887341614 0.317245368 -0.334634481 -0.0521804454 0.651964986 0.756451491 0.458150696 0.688692264 -0.561961658 0.356894792 0.856639793 3.59662456
_DSC9299.JPG 4528.5977 0 2489 0 4528.07455 1650 0 0 1 -0.986399849 -0.146255135 0.0749984857 0.0942957912 -0.129818073 0.987043855 -0.134624073 0.980691951 0.141843772 0.250344049 -1.87841839 2.82422771
_DSC9300.JPG 4528.5977 0 2489 0 4528.07455 1650 0 0 1 -0.984951549 -0.138784311 0.103001754 -0.00819131842 0.63278524 0.774284019 -0.172636464 0.761788524 -0.624399629 0.246387387 0.495658383 3.33928853
_DSC9301.JPG 4528.5977 0 2489 0 4528.07455 1650 0 0 1 -0.551543961 -0.61538959 0.563111811 0.621498092 0.147095531 0.769482311 -0.556362635 0.774376237 0.301333804 -0.218536402 -1.86952062 3.04218657
_DSC9302.JPG 4528.5977 0 2489 0 4528.07455 1650 0 0 1 -0.546543875 -0.631486946 0.550012754 0.0288501854 0.642197866 0.765995802 -0.836933366 0.434518284 -0.332770795 -0.222892931 0.612666537 3.46412305
_DSC9303.JPG 4528.5977 0 2489 0 4528.07455 1650 0 0 1 0.127530362 -0.730984063 0.670371767 0.681721405 0.555530183 0.476069472 -0.720410947 0.396293471 0.569174448 -0.44341662 -1.75449926 3.24231994
_DSC9304.JPG 4528.5977 0 2489 0 4528.07455 1650 0 0 1 0.135790429 -0.732349401 0.667252062 0.140894839 0.680919642 0.718677316 -0.980667938 -0.00357712928 0.195646621 -0.458973806 0.231257654 3.62321036
_DSC9305.JPG 4528.5977 0 2489 0 4528.07455 1650 0 0 1 0.700005748 -0.559627676 0.443631397 0.49432472 0.828041985 0.264555366 -0.515397928 0.0341076892 0.856271944 -0.360335943 -1.55697799 3.29396089
_DSC9306.JPG 4528.5977 0 2489 0 4528.07455 1650 0 0 1 0.738664298 -0.491801977 0.460983591 0.0749441868 0.739555924 0.668909862 -0.669894338 -0.459551793 0.583141256 -0.487008745 0.237944729 3.63050753
_DSC9307.JPG 4528.5977 0 2489 0 4528.07455 1650 0 0 1 0.987539034 -0.0956987272 0.124933623 0.0889737564 0.994323117 0.0583541816 -0.12980881 -0.0465112184 0.990447565 -0.221656735 -1.49479276 2.96403142
_DSC9308.JPG 4528.5977 0 2489 0 4528.07455 1650 0 0 1 0.993934617 -0.0870887064 0.0671530668 0.0245433648 0.770897698 0.636485948 -0.107198882 -0.630977255 0.768359358 -0.389542169 0.292665815 3.25427046
_DSC9309.JPG 4528.5977 0 2489 0 4528.07455 1650 0 0 1 0.952486206 0.227761857 -0.202224043 -0.262237493 0.950945261 -0.164117662 0.154924252 0.209350535 0.965489943 -0.226717301 -1.22733502 2.6325566
_DSC9310.JPG 4528.5977 0 2489 0 4528.07455 1650 0 0 1 0.940470345 0.2535415 -0.226345396 -0.0232584579 0.712414263 0.701373625 0.339079009 -0.65435665 0.675901472 -0.405368854 1.26704302 2.68124449
_DSC9311.JPG 4528.5977 0 2489 0 4528.07455 1650 0 0 1 0.522864697 0.610904594 -0.594481359 -0.669253619 0.726135268 0.157566388 0.527931911 0.315472899 0.788520607 0.143400228 -1.06486133 2.67582881
_DSC9312.JPG 4528.5977 0 2489 0 4528.07455 1650 0 0 1 0.499049873 0.638004114 -0.586429855 -0.0935398026 0.712428844 0.695482169 0.861510029 -0.292225755 0.415216303 0.075831379 0.796420374 2.92716178
_DSC9313.JPG 4528.5977 0 2489 0 4528.07455 1650 0 0 1 -0.12720075 0.71392944 -0.688567153 -0.78013634 0.356701471 0.513956566 0.612541639 0.60255192 0.511589605 0.386393569 -1.32886749 2.97051581
_DSC9314.JPG 4528.5977 0 2489 0 4528.07455 1650 0 0 1 -0.0918021261 0.727499634 -0.679938712 -0.0668150072 0.676783021 0.733144254 0.993533152 0.112734311 -0.0135222269 0.51342876 1.05777204 3.21738474
_DSC9315.JPG 4528.5977 0 2489 0 4528.07455 1650 0 0 1 -0.814820625 0.424700791 -0.394584068 -0.462423525 -0.0656736782 0.884223643 0.349616693 0.902948618 0.249903904 0.441097042 -1.62761453 3.06717113
_DSC9317.JPG 4528.5977 0 2489 0 4528.07455 1650 0 0 1 -0.803718658 0.416221642 -0.425200968 -0.094112623 0.616690445 0.781559792 0.587519474 0.668170966 -0.456473907 0.476943126 1.03627418 3.52643609
_DSC9318.JPG 4528.5977 0 2489 0 4528.07455 1650 0 0 1 -0.985281329 -0.11735125 0.124295561 0.15145692 -0.26217347 0.953061316 -0.0792559379 0.957858944 0.276088284 0.0565711003 -1.75675043 2.62496013
_DSC9319.JPG 4528.5977 0 2489 0 4528.07455 1650 0 0 1 -0.985712484 -0.116471075 0.12167739 0.0207316441 0.633006275 0.773869016 -0.167155907 0.765334923 -0.621547551 0.0144479674 1.00621164 3.16659844
_DSC9320.JPG 4528.5977 0 2489 0 4528.07455 1650 0 0 1 -0.438566027 -0.664612124 0.60493848 0.671708053 0.204778354 0.711950923 -0.597049521 0.718579537 0.356616487 -0.340182797 -1.82177912 3.30890756
_DSC9321.JPG 4528.5977 0 2489 0 4528.07455 1650 0 0 1 -0.400225828 -0.677417204 0.617191396 -0.00951895607 0.676520153 0.736362596 -0.916367108 0.288836312 -0.277209143 -0.490099841 1.44099733 3.58419405
_DSC9322.JPG 4528.5977 0 2489 0 4528.07455 1650 0 0 1 0.319271367 -0.692441136 0.646986142 0.714961516 0.624111078 0.315143447 -0.622009505 0.361953913 0.694329562 -0.53087731 -1.59603642 3.17408799
_DSC9323.JPG 4528.5977 0 2489 0 4528.07455 1650 0 0 1 0.29814761 -0.687332037 0.662331241 -0.0759684645 0.67460153 0.734262602 -0.951491879 -0.269234927 0.148915275 -0.39903367 1.73768857 3.32725277
_DSC9324.JPG 4528.5977 0 2489 0 4528.07455 1650 0 0 1 0.841564054 -0.378695133 0.385175207 0.355843139 0.925159678 0.132118248 -0.406381107 0.0258759863 0.913337193 -0.415516514 -1.40065406 3.37615252
_DSC9325.JPG 4528.5977 0 2489 0 4528.07455 1650 0 0 1 0.840373951 -0.376173815 0.390211331 -0.0176586881 0.700553113 0.71338174 -0.541719293 -0.606398052 0.582083852 -0.397072917 1.44529121 3.44969618
_DSC9326.JPG 4528.5977 0 2489 0 4528.07455 1650 0 0 1 0.999996898 -0.000704067374 0.0023890831 0.000692235113 0.99998751 0.0049498546 -0.00239253829 -0.00494818544 0.999984895 -0.268404184 -1.31469222 3.09177124
_DSC9327.JPG 4528.5977 0 2489 0 4528.07455 1650 0 0 1 0.99913927 0.0273478733 -0.0311899414 0.0046710272 0.672942938 0.739679649 0.0412177161 -0.739188674 0.672235974 -0.42102529 1.40826765 3.14987783
_DSC9328.JPG 4528.5977 0 2489 0 4528.07455 1650 0 0 1 0.903639423 0.307344539 -0.298286988 -0.362713056 0.919525669 -0.151366388 0.22776091 0.24497322 0.942397522 -0.19920464 -0.632231969 2.5230699
_DSC9329.JPG 4528.5977 0 2489 0 4528.07455 1650 0 0 1 0.537877898 0.660700497 -0.523605023 -0.74950193 0.659115105 0.061758679 0.38591997 0.359224347 0.849719745 0.191962769 -0.581958983 2.16527429
_DSC9330.JPG 4528.5977 0 2489 0 4528.07455 1650 0 0 1 0.0222133968 0.73250875 -0.680395103 -0.847610393 0.374690921 0.375717096 0.530153928 0.568364008 0.629205187 0.480030996 -0.944254948 2.34005982
_DSC9331.JPG 4528.5977 0 2489 0 4528.07455 1650 0 0 1 -0.476201003 0.642067899 -0.600817291 -0.726251601 0.0980498263 0.680400502 0.495773352 0.760351922 0.419611414 0.413530747 -1.12788181 2.80781073
_DSC9332.JPG 4528.5977 0 2489 0 4528.07455 1650 0 0 1 -0.928476535 0.264612407 -0.260598539 -0.314681813 -0.18785121 0.930423172 0.197247764 0.945881704 0.257684152 0.225424675 -1.19229885 2.67069135
_DSC9333.JPG 4528.5977 0 2489 0 4528.07455 1650 0 0 1 -0.985984522 -0.120497919 0.115389658 0.145131878 -0.278353618 0.949450368 -0.0822876643 0.952890085 0.291940449 0.0518743129 -1.2403749 2.35118226
_DSC9334.JPG 4528.5977 0 2489 0 4528.07455 1650 0 0 1 -0.725051498 -0.509924771 0.462900694 0.597061515 -0.130418971 0.791522861 -0.343246082 0.850275026 0.399016927 -0.0271759981 -1.39223359 2.28128872
_DSC9335.JPG 4528.5977 0 2489 0 4528.07455 1650 0 0 1 -0.224899904 -0.712599772 0.66454616 0.84590414 0.195703665 0.496131295 -0.483597167 0.673722228 0.558777361 -0.287234129 -1.36357705 2.17447046
_DSC9336.JPG 4528.5977 0 2489 0 4528.07455 1650 0 0 1 0.457467239 -0.631282425 0.626263703 0.778736053 0.624419906 0.0605800413 -0.429294638 0.459980739 0.777254034 -0.471818097 -1.12571303 2.08601353
_DSC9337.JPG 4528.5977 0 2489 0 4528.07455 1650 0 0 1 0.884650075 -0.337976646 0.321194692 0.419839746 0.87705819 -0.233459887 -0.202802446 0.341380605 0.917785623 -0.673833356 -1.10903721 1.82342639
_DSC9338.JPG 4528.5977 0 2489 0 4528.07455 1650 0 0 1 0.995252806 -0.0280166645 0.0932036457 0.0498654427 0.969209539 -0.241135453 -0.0835780515 0.244638377 0.966005577 -0.379489761 -0.865480329 1.73550537
