225
DSC05572.jpg 1040.0073 0 632 0 1040.19276 416 0 0 1 0.997960494 -0.0407232787 0.0491575663 0.0114626773 0.871882448 0.489581049 -0.0627969647 -0.488019068 0.870571037 -2.95145007 1.55003603 3.38823628
DSC05573.jpg 1040.0073 0 632 0 1040.19276 416 0 0 1 0.999780285 0.0209173973 -0.00135783308 -0.0196237694 0.956783366 0.290138756 0.00736809972 -0.290048362 0.956983625 -3.36617578 -0.326329673 3.18480629
DSC05574.jpg 1040.0073 0 632 0 1040.19276 416 0 0 1 0.999448713 0.0263478046 -0.0202005533 -0.0303193669 0.972249125 -0.231974944 0.0135279397 0.232459528 0.972511986 -3.30115381 -2.50904619 2.32840585
DSC05575.jpg 1040.0073 0 632 0 1040.19276 416 0 0 1 0.999075743 0.017132556 -0.0394225118 0.00643515869 0.847183878 0.531260827 0.0424999723 -0.531023496 0.846290612 -1.39239957 1.54667668 2.24371909
DSC05576.jpg 1040.0073 0 632 0 1040.19276 416 0 0 1 0.999246614 0.0358386106 -0.0148928788 -0.0286659851 0.940249106 0.339278469 0.0261622849 -0.338595943 0.940568085 -1.29636681 -0.186016382 2.41345256
DSC05577.jpg 1040.0073 0 632 0 1040.19276 416 0 0 1 0.996951784 -0.00198667546 -0.0779948303 -0.0120404884 0.983782002 -0.178963681 0.077085453 0.179357257 0.980759301 -1.44198389 -1.85600135 1.71052663
DSC05578.jpg 1040.0073 0 632 0 1040.19276 416 0 0 1 0.998760888 0.0205170181 -0.0453402757 0.00301723317 0.884423179 0.466676051 0.0496747918 -0.466234589 0.883265375 1.23949791 1.35358456 2.22679472
DSC05579.jpg 1040.0073 0 632 0 1040.19276 416 0 0 1 0.999765156 0.0172700686 -0.013091091 -0.0122066654 0.947914952 0.318289555 0.0179061234 -0.318055008 0.94790315 1.29354122 -0.448030902 2.12288226
DSC05580.jpg 1040.0073 0 632 0 1040.19276 416 0 0 1 0.999324284 -0.00873732601 -0.0357020178 8.80397666e-05 0.971901393 -0.235388349 0.0367555056 0.23522615 0.971245433 1.26999364 -1.68434881 1.5030246
DSC05581.jpg 1040.0073 0 632 0 1040.19276 416 0 0 1 0.98710028 0.0923485777 -0.130785233 -0.0104431822 0.852279644 0.522982169 0.159762251 -0.514870032 0.842249888 4.19476477 1.77711319 3.8714334
DSC05582.jpg 1040.0073 0 632 0 1040.19276 416 0 0 1 0.996996114 0.0675744751 -0.0378475784 -0.0593846141 0.980648491 0.186552952 0.0497213885 -0.183745005 0.981715619 4.55951907 -0.807283152 3.28008893
DSC05583.jpg 1040.0073 0 632 0 1040.19276 416 0 0 1 0.97016826 0.0645304602 -0.233686472 -0.143617992 0.929557962 -0.339552451 0.195313645 0.362984593 0.911095366 3.04037805 -2.88601541 2.83817191
DSC05584.jpg 1040.0073 0 632 0 1040.19276 416 0 0 1 0.091266535 -0.994868127 0.0436787006 0.995398239 0.0898532631 -0.0332977074 0.029202154 0.0465166681 0.998490578 2.67789521 5.11551857 5.02729238
DSC05585.jpg 1040.0073 0 632 0 1040.19276 416 0 0 1 0.086270376 -0.817255073 -0.569782035 0.988377344 -0.00164669788 0.152011562 -0.125170479 -0.576273749 0.807614337 -1.16293836 6.26085606 4.4109769
DSC05586.jpg 1040.0073 0 632 0 1040.19276 416 0 0 1 0.696256705 0.280753461 -0.660608882 0.0856792489 0.881246993 0.464825562 0.712660976 -0.380238387 0.589519382 0.906019307 2.08708051 6.83054133
DSC05587.jpg 1040.0073 0 632 0 1040.19276 416 0 0 1 0.640086023 0.31537158 -0.70059307 -0.154332557 0.946061847 0.284865658 0.752642907 -0.0742142061 0.654233067 0.365774934 -1.02902052 6.56213354
DSC05588.jpg 1040.0073 0 632 0 1040.19276 416 0 0 1 0.639016408 0.261998172 -0.723197752 -0.377539844 0.925991448 0.00187211758 0.670165425 0.271839653 0.690638477 -0.173691501 -3.41884725 5.45503335
DSC05589.jpg 1040.0073 0 632 0 1040.19276 416 0 0 1 -0.00383201667 0.381459256 -0.924377711 0.0673532061 0.922383825 0.380357234 0.997721836 -0.0608022672 -0.0292270941 -3.47883869 1.24790847 3.30341245
DSC05590.jpg 1040.0073 0 632 0 1040.19276 416 0 0 1 -0.0336444875 0.442731904 -0.896022605 -0.214907009 0.872353507 0.439106294 0.976054827 0.207335044 0.0657963026 -3.58847065 -0.572764969 3.09999302
DSC05591.jpg 1040.0073 0 632 0 1040.19276 416 0 0 1 -0.0553869126 0.421361904 -0.905199666 -0.752614981 0.578135248 0.315167139 0.65612726 0.698722964 0.285102155 -3.67344278 -2.49603932 1.81690161
DSC05592.jpg 1040.0073 0 632 0 1040.19276 416 0 0 1 -0.00549360261 0.390179467 -0.920722436 0.172055089 0.907374084 0.383496177 0.985072011 -0.156308205 -0.0721171157 -0.896774402 1.8329695 2.91317069
DSC05593.jpg 1040.0073 0 632 0 1040.19276 416 0 0 1 0.00109211239 0.426427635 -0.904521022 -0.0982785903 0.900188484 0.424266441 0.995158342 0.0884317043 0.0428918138 -0.859263852 0.350379089 3.08737635
DSC05594.jpg 1040.0073 0 632 0 1040.19276 416 0 0 1 -0.0367470226 0.407515841 -0.91245849 -0.348765262 0.850433348 0.393860269 0.936489428 0.332707017 0.110876476 -1.00429804 -1.50608883 2.73939349
DSC05595.jpg 1040.0073 0 632 0 1040.19276 416 0 0 1 -0.0224698679 0.409467894 -0.912047778 -0.679316724 0.663072666 0.314425551 0.73350112 0.62663441 0.263259233 -0.95600622 -2.50887687 1.92345473
DSC05596.jpg 1040.0073 0 632 0 1040.19276 416 0 0 1 -0.0879905248 0.425465685 -0.900686748 0.180961159 0.895975844 0.405561767 0.979546184 -0.127303725 -0.155830148 1.86803963 1.97324868 3.21909448
DSC05597.jpg 1040.0073 0 632 0 1040.19276 416 0 0 1 -0.0857448659 0.421083822 -0.902959707 -0.0662265431 0.901884187 0.426871126 0.994113607 0.0964019074 -0.0494450128 1.91235248 0.182549958 3.23773369
DSC05598.jpg 1040.0073 0 632 0 1040.19276 416 0 0 1 -0.0841627795 0.43885942 -0.89460552 -0.323064015 0.837277784 0.441129861 0.942627322 0.326141566 0.0713120607 1.90747937 -1.5696903 2.91695935
DSC05599.jpg 1040.0073 0 632 0 1040.19276 416 0 0 1 -0.0942679708 0.390820324 -0.915627121 -0.766149719 0.558813508 0.317398916 0.63571075 0.731428013 0.246748666 1.86820041 -2.94803969 1.71468259
DSC05600.jpg 1040.0073 0 632 0 1040.19276 416 0 0 1 -0.751905914 0.273129582 -0.600031439 0.179586646 0.960581473 0.212207139 0.634339131 0.0518021692 -0.771317316 0.0390033325 2.33735317 3.51475491
DSC05601.jpg 1040.0073 0 632 0 1040.19276 416 0 0 1 -0.739883866 0.302749 -0.600761939 -0.0227243002 0.881257811 0.472089268 0.672350705 0.362943128 -0.645148677 0.142197734 0.460567983 3.91333115
DSC05602.jpg 1040.0073 0 632 0 1040.19276 416 0 0 1 -0.735583377 0.323275653 -0.595323398 -0.345362295 0.577057512 0.740087504 0.58278811 0.74999832 -0.312826692 0.168205403 -1.93915256 3.23151169
DSC05603.jpg 1040.0073 0 632 0 1040.19276 416 0 0 1 -0.995536502 -0.00922009666 0.0939258329 0.0148519913 0.967510768 0.252393208 -0.0932013446 0.252661637 -0.96305535 -3.35623072 1.82375876 2.54115804
DSC05604.jpg 1040.0073 0 632 0 1040.19276 416 0 0 1 -0.993803311 0.0220773323 0.108938382 0.0643514193 0.913399818 0.401944856 -0.0906304282 0.406464468 -0.909160471 -3.34865253 0.897188617 2.6251299
DSC05605.jpg 1040.0073 0 632 0 1040.19276 416 0 0 1 -0.994083272 0.0121737561 0.107936312 0.0742337431 0.801566111 0.593279969 -0.0792956444 0.597782209 -0.797727166 -3.3339952 -0.809187996 2.53972758
DSC05606.jpg 1040.0073 0 632 0 1040.19276 416 0 0 1 -0.996299011 0.0270677523 0.0815819721 0.0858267402 0.365124823 0.92699387 -0.00469596271 0.93056499 -0.366096637 -3.2671419 -2.16852818 1.7462587
DSC05607.jpg 1040.0073 0 632 0 1040.19276 416 0 0 1 -0.99921048 0.0016565638 0.0396947379 0.0119148847 0.965635364 0.259627386 -0.0379005534 0.259895363 -0.964892713 -0.966182551 1.98368602 2.00886668
DSC05608.jpg 1040.0073 0 632 0 1040.19276 416 0 0 1 -0.995121451 0.00577750394 0.0984881607 0.0483576315 0.898702551 0.435884462 -0.0859932371 0.438520632 -0.894597573 -0.947817546 0.674812535 2.17642229
DSC05609.jpg 1040.0073 0 632 0 1040.19276 416 0 0 1 -0.995901859 -0.000921213327 0.0904358272 0.0687424823 0.642079566 0.763549804 -0.0587703889 0.766637452 -0.639384906 -0.968575398 -0.883921375 1.86090179
DSC05610.jpg 1040.0073 0 632 0 1040.19276 416 0 0 1 -0.993663455 -0.0586334615 0.0958908515 0.0864378409 0.146685222 0.985399384 -0.0718431477 0.987443954 -0.140687595 -1.02912257 -2.20746516 0.746540201
DSC05611.jpg 1040.0073 0 632 0 1040.19276 416 0 0 1 -0.997547239 -0.0248534322 0.0654355703 -0.0112313269 0.979560949 0.200833773 -0.0690895379 0.199606248 -0.977437457 1.65547067 1.76561653 2.05438222
DSC05612.jpg 1040.0073 0 632 0 1040.19276 416 0 0 1 -0.994146294 0.0329323738 0.102900947 0.073164486 0.906003111 0.416899654 -0.0794990832 0.421987941 -0.903109115 1.6031925 0.370353075 2.15699702
DSC05613.jpg 1040.0073 0 632 0 1040.19276 416 0 0 1 -0.996601332 0.0201254081 0.0798796188 0.0657125977 0.778988054 0.623585974 -0.0496753466 0.626715709 -0.777663024 1.56921862 -1.00151678 1.78137124
DSC05614.jpg 1040.0073 0 632 0 1040.19276 416 0 0 1 -0.998085571 0.0117883703 0.0607143062 0.0615635347 0.283428865 0.957015156 -0.00592653789 0.958920806 -0.283611994 1.64221878 -2.00135702 0.729893824
DSC05615.jpg 1040.0073 0 632 0 1040.19276 416 0 0 1 -0.772030506 -0.206611111 0.601066342 -0.0728572824 0.968223703 0.239237702 -0.631395846 0.140906744 -0.762551359 0.28577673 2.44461917 4.55065296
DSC05616.jpg 1040.0073 0 632 0 1040.19276 416 0 0 1 -0.745849148 -0.213784224 0.630876655 0.0660100276 0.918715736 0.389363676 -0.662836122 0.332050751 -0.671111446 0.0705268807 0.82800858 4.65310095
DSC05617.jpg 1040.0073 0 632 0 1040.19276 416 0 0 1 -0.801936729 -0.224844539 0.553482083 0.136364675 0.833118401 0.5360209 -0.58163748 0.505330252 -0.637447393 0.511892789 -1.24792761 4.61675782
DSC05618.jpg 1040.0073 0 632 0 1040.19276 416 0 0 1 -0.808198686 -0.181706947 0.560176284 0.534144989 0.174391891 0.82721013 -0.248000029 0.967765495 -0.0438854425 0.662820048 -3.97000608 2.12188624
DSC05619.jpg 1040.0073 0 632 0 1040.19276 416 0 0 1 -0.997848557 0.0502413504 0.0421196442 0.0562529319 0.326144127 0.943644857 0.0336729174 0.943984012 -0.32826867 3.54886679 -2.42643844 2.30864517
DSC05620.jpg 1040.0073 0 632 0 1040.19276 416 0 0 1 -0.0431545195 -0.521232112 -0.852323162 -0.981705893 0.180480372 -0.0606660965 0.185448719 0.834112655 -0.51948518 1.71821188 3.88917425 2.23913427
DSC05621.jpg 1040.0073 0 632 0 1040.19276 416 0 0 1 -0.0210118312 -0.427941108 0.903562345 -0.135379008 0.896655886 0.42152194 -0.990571061 -0.113466426 -0.0767746249 -3.60880083 1.90889289 3.59710745
DSC05622.jpg 1040.0073 0 632 0 1040.19276 416 0 0 1 0.0237798944 -0.354542685 0.934737397 0.141967565 0.926723673 0.347891426 -0.989585634 0.124429571 0.0723709529 -3.73985558 0.162968141 3.41945283
DSC05623.jpg 1040.0073 0 632 0 1040.19276 416 0 0 1 0.0552254691 -0.327977955 0.943069779 0.597281078 0.767736795 0.232024842 -0.800128403 0.550464053 0.238293651 -3.87183783 -2.25527999 2.53726433
DSC05624.jpg 1040.0073 0 632 0 1040.19276 416 0 0 1 0.0243174506 -0.216971959 0.975874905 0.929590298 0.364038411 0.0577746807 -0.367791436 0.905758911 0.210547514 -4.02004279 -2.93342513 1.58059425
DSC05625.jpg 1040.0073 0 632 0 1040.19276 416 0 0 1 0.120942961 -0.391002604 0.91240877 -0.213289775 0.887451452 0.408579726 -0.969474225 -0.244022303 0.0239341491 -1.39198868 2.00873069 1.98097089
DSC05626.jpg 1040.0073 0 632 0 1040.19276 416 0 0 1 0.109817474 -0.362772918 0.925384208 0.180906591 0.922759682 0.340275439 -0.977349952 0.130039913 0.16696315 -1.3428502 0.271831754 2.22894088
DSC05627.jpg 1040.0073 0 632 0 1040.19276 416 0 0 1 0.0463656806 -0.384250242 0.922063976 0.516387925 0.799374134 0.307155506 -0.855098669 0.461901229 0.235485711 -1.13030953 -1.3208153 1.78436151
DSC05628.jpg 1040.0073 0 632 0 1040.19276 416 0 0 1 0.0535546399 -0.397434072 0.916066624 0.877248331 0.456982933 0.146976067 -0.477040109 0.795746667 0.373121933 -1.09959125 -2.23798058 0.69875143
DSC05629.jpg 1040.0073 0 632 0 1040.19276 416 0 0 1 0.0577762063 -0.402386145 0.913645063 -0.213289933 0.889068082 0.405049812 -0.975279096 -0.218273536 -0.0344579329 1.74127189 1.96309467 1.47897287
DSC05630.jpg 1040.0073 0 632 0 1040.19276 416 0 0 1 0.0695601631 -0.373200455 0.925139343 0.00278976769 0.927454843 0.373924766 -0.997573857 -0.0234293439 0.0655550528 1.71794272 0.884733693 1.72457535
DSC05631.jpg 1040.0073 0 632 0 1040.19276 416 0 0 1 0.0523262731 -0.355431321 0.933236592 0.344505531 0.883572368 0.317199953 -0.937324864 0.304907277 0.168682105 1.73874905 -0.363126284 1.51138944
DSC05632.jpg 1040.0073 0 632 0 1040.19276 416 0 0 1 0.0168089421 -0.390965786 0.920251712 0.709171376 0.653471404 0.264671652 -0.704835739 0.648167322 0.288245908 1.83997922 -1.44497304 0.873715555
DSC05633.jpg 1040.0073 0 632 0 1040.19276 416 0 0 1 0.707141187 -0.30882583 0.636064421 -0.0802890277 0.858685365 0.506174986 -0.70249912 -0.409006174 0.582416463 0.214179365 2.17187508 4.62311749
DSC05634.jpg 1040.0073 0 632 0 1040.19276 416 0 0 1 0.68883694 -0.277310598 0.669777951 0.0524371952 0.940578948 0.335501987 -0.723017297 -0.195984885 0.662446914 0.396758005 0.49046977 4.82102113
DSC05635.jpg 1040.0073 0 632 0 1040.19276 416 0 0 1 0.699978208 -0.271480375 0.660551978 0.0960258427 0.95230887 0.289632274 -0.707678986 -0.13930622 0.692664587 0.282633924 -0.676003861 4.63030485
DSC05636.jpg 1040.0073 0 632 0 1040.19276 416 0 0 1 0.717256906 -0.271188351 0.641871801 0.492621 0.848833788 -0.191848246 -0.492815463 0.453804008 0.742424973 0.153944522 -3.7374547 3.02421268
DSC05637.jpg 1040.0073 0 632 0 1040.19276 416 0 0 1 -0.700181095 -0.672718608 -0.239157081 -0.0889883434 -0.250129538 0.964114251 -0.708397847 0.696336764 0.115271859 2.35927903 3.54234929 1.89560311
DSC05638.jpg 1040.0073 0 632 0 1040.19276 416 0 0 1 0.296243026 -0.912253548 0.282901988 0.90378957 0.171957282 -0.391912115 0.308876161 0.371785097 0.875426387 1.42227094 -3.45166931 1.79075578
DSC05639.jpg 1040.0073 0 632 0 1040.19276 416 0 0 1 0.617853841 -0.59176081 -0.517760344 -0.200903476 0.517816477 -0.831567129 0.760193675 0.617806798 0.201048096 1.79437001 -4.00099571 3.37125315
DSC05640.jpg 1040.0073 0 632 0 1040.19276 416 0 0 1 -0.355382227 -0.918873263 0.17139253 0.757613942 -0.175765936 0.62859164 -0.547471083 0.353239667 0.758615285 0.353238163 4.90854801 0.233695197
DSC05641.jpg 1040.0073 0 632 0 1040.19276 416 0 0 1 -0.120256989 -0.98423709 0.129675007 0.966545 -0.0862701747 0.241553762 -0.226559086 0.154385258 0.961684029 1.04731575 3.82306636 2.2464347
DSC05642.jpg 1040.0073 0 632 0 1040.19276 416 0 0 1 -0.0528329054 -0.614813139 -0.786901193 -0.989327573 0.139380132 -0.0424750742 0.135792626 0.776258966 -0.615615449 0.912166744 -2.78555037 3.11024216
DSC05643.jpg 1040.0073 0 632 0 1040.19276 416 0 0 1 0.574685118 -0.763964862 -0.293418992 0.0776078519 0.407797937 -0.909768028 0.814686465 0.500058529 0.293645077 1.09563119 3.43261194 2.8259276
DSC05644.jpg 1040.0073 0 632 0 1040.19276 416 0 0 1 -0.325943807 -0.917097914 -0.22954749 0.417605409 -0.357504425 0.835342031 -0.848154678 0.176414288 0.499511403 -0.365407866 -4.50273803 2.13515716
DSC05645.jpg 1040.0073 0 632 0 1040.19276 416 0 0 1 -0.772087683 -0.583591459 -0.251598127 0.000938206791 -0.396942074 0.917843184 -0.635515325 0.708419366 0.307021615 2.29989238 -1.91678339 2.30295907
DSC05646.jpg 1040.0073 0 632 0 1040.19276 416 0 0 1 0.544667183 -0.357360427 0.758703621 -0.192377075 -0.933785679 -0.301720676 0.816289606 0.0183801671 -0.577350369 1.0532416 -1.44290016 0.144775062
DSC05647.jpg 1040.0073 0 632 0 1040.19276 416 0 0 1 0.00148217352 0.400084387 -0.916477106 0.179238953 0.90152995 0.393849141 0.983804452 -0.16485215 -0.070374483 -0.28644626 1.45586543 0.504387782
DSC05648.jpg 1040.0073 0 632 0 1040.19276 416 0 0 1 0.745955743 0.273047886 -0.607449489 0.106493183 0.851454151 0.513502707 0.657426218 -0.447739523 0.606069375 0.2891518 1.45402635 0.449379265
DSC05649.jpg 1040.0073 0 632 0 1040.19276 416 0 0 1 0.999406833 0.014663694 -0.0311602149 0.00513185923 0.83130184 0.555797548 0.0340535891 -0.555627777 0.830733487 0.992472696 1.37723392 -0.094455743
DSC05650.jpg 1040.0073 0 632 0 1040.19276 416 0 0 1 0.731962248 -0.252285558 0.632916475 -0.191492008 0.815307648 0.546446932 -0.653882312 -0.521176972 0.548463751 0.507751435 1.23368151 -0.885408324
DSC05651.jpg 1040.0073 0 632 0 1040.19276 416 0 0 1 -0.0167228676 -0.405200137 0.914075049 -0.21502862 0.894269034 0.392486416 -0.976464561 -0.189988798 -0.102084369 0.0275595584 1.2181087 -1.00369807
DSC05652.jpg 1040.0073 0 632 0 1040.19276 416 0 0 1 -0.660382791 -0.320316324 0.679184821 -0.140491593 0.941190992 0.307281025 -0.737669764 0.107503343 -0.666548085 -0.0425418902 1.22550946 -1.11200333
DSC05653.jpg 1040.0073 0 632 0 1040.19276 416 0 0 1 -0.564708501 -0.286735924 0.77387778 0.113347927 0.901870695 0.416871079 -0.817469606 0.323128084 -0.476793126 0.0417628307 0.497818319 -1.19707825
DSC05654.jpg 1040.0073 0 632 0 1040.19276 416 0 0 1 -0.998106225 -0.0273510818 0.0550988377 -0.0257566918 0.999234581 0.0294422242 -0.0558619407 0.0279673035 -0.998046729 -1.06642058 1.2473896 -0.785996473
DSC05656.jpg 1040.0073 0 632 0 1040.19276 416 0 0 1 -0.746530255 0.245406561 -0.618440133 0.0744154761 0.954458084 0.288915389 0.661176917 0.169662562 -0.730793883 -0.518096509 1.30969493 0.0114819887
DSC05657.jpg 1040.0073 0 632 0 1040.19276 416 0 0 1 -0.998957676 0.0423352834 0.0170670991 0.0452085604 0.865978906 0.498032851 0.00630461413 0.498285319 -0.866990192 -0.889699673 0.848899726 -0.360333209
DSC05658.jpg 1040.0073 0 632 0 1040.19276 416 0 0 1 -0.0224416229 0.427694376 -0.903644783 -0.167604514 0.889470529 0.425148097 0.985598854 0.160995958 0.0517223457 -0.298619173 0.441611494 0.523967591
DSC05659.jpg 1040.0073 0 632 0 1040.19276 416 0 0 1 0.672882532 0.321069913 -0.666440701 -0.157209678 0.942386971 0.295282771 0.722851447 -0.0939196907 0.684591029 0.436268511 0.499681862 0.294400524
DSC05660.jpg 1040.0073 0 632 0 1040.19276 416 0 0 1 0.998068237 0.00385252564 0.062007676 -0.0154884564 0.981991448 0.188289416 -0.0601656177 -0.188886089 0.980154143 0.499451553 0.567031546 -0.0501759549
DSC05661.jpg 1040.0073 0 632 0 1040.19276 416 0 0 1 0.7141036 -0.199591974 0.670983675 0.0875505662 0.976431184 0.197274028 -0.694543697 -0.082129093 0.714747414 -0.200256103 0.69933182 -0.278329695
DSC05662.jpg 1040.0073 0 632 0 1040.19276 416 0 0 1 -0.204350823 -0.34898118 0.914577978 0.212830624 0.896104579 0.389486468 -0.955480961 0.274242082 -0.108845826 -0.35832344 0.701954498 -0.310413897
DSC05663.jpg 1040.0073 0 632 0 1040.19276 416 0 0 1 -0.733889282 -0.257351674 0.628630765 0.432426595 0.536693327 0.724546418 -0.52384517 0.803573512 -0.282587773 -0.385961724 0.505659894 -0.114627936
DSC05664.jpg 1040.0073 0 632 0 1040.19276 416 0 0 1 -0.998756208 0.0486457247 0.0109375291 0.0265224054 0.332579803 0.942702093 0.0422208252 0.941819658 -0.333456345 -0.491271043 0.681853475 -0.307810666
DSC05665.jpg 1040.0073 0 632 0 1040.19276 416 0 0 1 -0.595010385 0.354313591 -0.721404548 -0.579508521 0.432803283 0.690544127 0.556895426 0.82894101 -0.0521947031 -0.803418729 0.110529685 0.194980935
DSC05666.jpg 1040.0073 0 632 0 1040.19276 416 0 0 1 0.36993613 0.411860706 -0.832777292 -0.709909848 0.703538227 0.0325878826 0.599312328 0.579141366 0.55264818 -0.15827333 -0.0670172898 0.219281974
DSC05667.jpg 1040.0073 0 632 0 1040.19276 416 0 0 1 0.921600183 0.183930846 -0.341793135 -0.303856112 0.889802739 -0.340474006 0.241504796 0.41763684 0.875930878 0.00370262369 -0.0585910824 0.295060908
DSC05668.jpg 1040.0073 0 632 0 1040.19276 416 0 0 1 0.864913863 -0.182934277 0.467396041 0.359604371 0.875496728 -0.322785029 -0.350155259 0.447258906 0.823013223 0.704956952 0.1299667 0.103190688
DSC05669.jpg 1040.0073 0 632 0 1040.19276 416 0 0 1 0.220766615 -0.365534863 0.904238003 0.713231083 0.692873844 0.105958756 -0.66525448 0.621538494 0.41367424 0.505326959 0.328827192 -0.102591558
DSC05670.jpg 1040.0073 0 632 0 1040.19276 416 0 0 1 -0.731440207 0.332425781 -0.595389221 -0.440587781 0.436019486 0.784709765 0.520459058 0.836289488 -0.172459446 2.95786453 -0.431659712 0.188844844
DSC05672.jpg 1040.0073 0 632 0 1040.19276 416 0 0 1 0.319898059 -0.655655474 -0.68394527 -0.645656095 0.377446798 -0.663823863 0.693392702 0.653949397 -0.302583455 1.45438444 2.73850573 -0.782493352
DSC05673.jpg 1040.0073 0 632 0 1040.19276 416 0 0 1 -0.01102045 0.376718336 -0.926262298 -0.258844185 0.893670119 0.366542502 0.96585622 0.243797073 0.0876627041 -0.100689678 -1.97592827 -1.0705704
DSC05674.jpg 1040.0073 0 632 0 1040.19276 416 0 0 1 -0.0293469092 0.410667238 -0.911312887 -0.572201079 0.740643026 0.352184374 0.819588118 0.531789741 0.213248653 -0.272318161 -0.0663748733 -0.850594682
DSC05675.jpg 1040.0073 0 632 0 1040.19276 416 0 0 1 0.414550132 -0.884953333 0.212145671 0.832175836 0.2742994 -0.481916193 0.368281911 0.376320923 0.850147633 1.30080704 -3.63142544 0.0976911209
DSC05676.jpg 1040.0073 0 632 0 1040.19276 416 0 0 1 -0.516431127 -0.480060561 0.709112649 0.698695701 -0.714988795 0.0248060534 0.495099191 0.508264577 0.704658719 3.12020733 -0.511290446 -0.126413166
DSC05677.jpg 1040.0073 0 632 0 1040.19276 416 0 0 1 -0.0439143551 0.376910591 -0.92520805 -0.886816975 0.41173866 0.209825949 0.460029545 0.829704575 0.316169472 -0.29092197 2.82025475 -1.12384771
DSC05678.jpg 1040.0073 0 632 0 1040.19276 416 0 0 1 0.254927912 -0.865551528 -0.43108272 -0.0537892421 0.432428329 -0.900062475 0.965462831 0.25263866 0.0636806902 -0.061444921 -0.135860537 1.16218986
DSC05679.jpg 1040.0073 0 632 0 1040.19276 416 0 0 1 0.114426651 -0.858729905 -0.49948923 -0.638018918 0.321868285 -0.699523172 0.761471209 0.398727672 -0.511055615 -0.120359732 0.0635020348 1.2063998
DSC05680.jpg 1040.0073 0 632 0 1040.19276 416 0 0 1 0.12530042 -0.949622069 -0.287258998 0.76506404 0.276825723 -0.581415973 0.631646119 -0.146919863 0.761208076 -0.0803175529 -0.160771139 1.12348744
DSC05681.jpg 1040.0073 0 632 0 1040.19276 416 0 0 1 -0.0254217294 -0.942018895 -0.334595481 0.833215823 -0.204904304 0.51358117 -0.552363221 -0.265734128 0.790114071 -0.29557284 -0.12506056 1.44124982
DSC05682.jpg 1040.0073 0 632 0 1040.19276 416 0 0 1 0.999977345 0.000872418525 -0.00667444997 0.00103146128 0.95999468 0.28001634 0.00665172791 -0.280016881 0.959972031 -0.519831124 0.764011709 0.19304865
DSC05683.jpg 1040.0073 0 632 0 1040.19276 416 0 0 1 0.99896248 0.021508822 -0.0401414303 0.00181559178 0.861928476 0.507026632 0.0455045874 -0.506573462 0.860995157 -0.454090858 -2.010746 -0.27521856
DSC05684.jpg 1040.0073 0 632 0 1040.19276 416 0 0 1 -0.263636594 -0.964481669 0.0164577065 0.84572439 -0.222901721 0.484835105 -0.46394612 0.141738959 0.874450722 0.784163232 -2.48671102 -1.11588867
DSC05685.jpg 1040.0073 0 632 0 1040.19276 416 0 0 1 0.271458218 -0.95716229 -0.100751109 0.776366157 0.279639515 -0.564851601 0.568828644 0.075113858 0.819018854 0.653397947 1.15028688 -1.97906273
DSC05686.jpg 1040.0073 0 632 0 1040.19276 416 0 0 1 0.131991169 0.581278289 -0.802928317 -0.771288251 0.569032661 0.285160069 0.622649794 0.581650566 0.523440401 1.44759292 1.14418126 -1.31771687
DSC05687.jpg 1040.0073 0 632 0 1040.19276 416 0 0 1 0.216887534 0.109082041 0.970082938 0.744907527 0.623773363 -0.236684534 -0.630929928 0.773956007 0.0540326334 1.03488429 2.45602492 -1.93050529
DSC05689.jpg 1040.0073 0 632 0 1040.19276 416 0 0 1 -0.590381499 -0.807112544 -0.00436205659 0.588680918 -0.434289325 0.6817973 -0.552181548 0.399952653 0.731528136 -0.987215842 4.73058597 0.220442143
DSC05690.jpg 1040.0073 0 632 0 1040.19276 416 0 0 1 0.306085721 -0.626965765 -0.716397557 0.811974552 -0.220925457 0.540267775 -0.496999857 -0.747064837 0.441458119 1.23198265 3.36687612 1.11454265
DSC05691.jpg 1040.0073 0 632 0 1040.19276 416 0 0 1 0.0653749624 -0.639235423 -0.766227243 0.997138063 0.0126299456 0.0745397077 -0.0379710132 -0.76890738 0.638231654 0.63693911 2.41230399 2.55898716
DSC05692.jpg 1040.0073 0 632 0 1040.19276 416 0 0 1 -0.13320878 -0.734695923 -0.665189688 0.891542369 0.204337076 -0.404225881 0.432906023 -0.646891227 0.627793052 0.49206718 0.991575273 3.35636573
DSC05693.jpg 1040.0073 0 632 0 1040.19276 416 0 0 1 -0.204364505 -0.797441624 -0.567734098 0.639116252 0.330604809 -0.694428454 0.741461776 -0.504764616 0.442094013 0.622258439 -0.449145444 3.41306947
DSC05694.jpg 1040.0073 0 632 0 1040.19276 416 0 0 1 -0.357779653 -0.867881899 -0.344637097 0.010358378 0.365355862 -0.930810291 0.933748587 -0.336594864 -0.121727045 0.744395783 -2.14984126 2.6395029
DSC05695.jpg 1040.0073 0 632 0 1040.19276 416 0 0 1 -0.338195669 -0.931094466 -0.136699618 -0.527252667 0.307789607 -0.792003903 0.779505173 -0.195777051 -0.595015153 1.10754136 -3.10335099 1.26969947
DSC05696.jpg 1040.0073 0 632 0 1040.19276 416 0 0 1 -0.0377846166 -0.932012258 -0.360451763 -0.600680607 -0.267083142 0.753557831 -0.798595725 0.244989277 -0.549750055 1.96133674 1.93279034 0.280993329
DSC05697.jpg 1040.0073 0 632 0 1040.19276 416 0 0 1 0.0241013966 -0.939044313 -0.34295029 -0.231073985 -0.338992997 0.911969606 -0.972637618 0.0572671489 -0.225158916 1.82115227 1.66039866 1.18506327
DSC05698.jpg 1040.0073 0 632 0 1040.19276 416 0 0 1 0.0704637501 -0.943690986 -0.323237038 0.094757353 -0.316244716 0.943933432 -0.993003476 -0.0971421756 0.0671378713 1.68662829 1.0173746 1.78670108
DSC05699.jpg 1040.0073 0 632 0 1040.19276 416 0 0 1 0.158679228 -0.887614045 -0.432391269 0.462426405 -0.320123142 0.826851252 -0.872343237 -0.331153259 0.359659279 1.21769946 0.386791553 2.35483565
DSC05700.jpg 1040.0073 0 632 0 1040.19276 416 0 0 1 0.156154457 -0.836333826 -0.52551072 0.831929998 -0.175440996 0.526415174 -0.532454941 -0.519390208 0.668375305 0.998176355 -0.980819075 2.39801622
DSC05701.jpg 1040.0073 0 632 0 1040.19276 416 0 0 1 -0.0488163466 -0.79523089 -0.604338313 0.996914186 -0.00155299284 -0.0784837228 0.0614741476 -0.606304725 0.792852766 1.1729887 -2.01227571 1.62304404
DSC05702.jpg 1040.0073 0 632 0 1040.19276 416 0 0 1 -0.188295795 -0.804547355 -0.563247945 0.788188973 0.218355354 -0.575394718 0.585920503 -0.552290225 0.593019959 1.41576135 -2.28417143 0.507600805
DSC05703.jpg 1040.0073 0 632 0 1040.19276 416 0 0 1 0.0344557787 -0.908796083 -0.415815439 0.165875088 0.415492045 -0.894344349 0.985544649 -0.0381580915 0.165062732 2.56643283 -1.11758897 -0.845633372
DSC05704.jpg 1040.0073 0 632 0 1040.19276 416 0 0 1 -0.95910077 -0.115401865 0.258472672 0.142319289 0.592722299 0.792732929 -0.244685375 0.797096409 -0.552056502 0.723823171 -1.02738322 -2.4659471
DSC05705.jpg 1040.0073 0 632 0 1040.19276 416 0 0 1 -0.0729339284 -0.904601617 -0.419972091 -0.250896007 0.424192928 -0.870121574 0.965262573 0.0419079361 -0.25789899 1.84586786 1.9526268 3.56837489
DSC05706.jpg 1040.0073 0 632 0 1040.19276 416 0 0 1 -0.0374894306 -0.926131172 -0.375333978 -0.707334877 0.289908381 -0.644694116 0.705883783 0.241317598 -0.665953379 1.67352587 -0.0674073497 4.20954122
DSC05707.jpg 1040.0073 0 632 0 1040.19276 416 0 0 1 -0.00849383181 -0.927961485 -0.372579302 -0.942660608 0.131748643 -0.306648451 0.33364477 0.348611211 -0.875871789 1.73814377 -1.9464815 3.78067821
DSC05708.jpg 1040.0073 0 632 0 1040.19276 416 0 0 1 -0.00423548959 -0.876713553 -0.480994186 -0.993989091 -0.0489293034 0.0979367636 -0.109397198 0.478517784 -0.871236468 2.13957435 -3.5890453 2.22522658
DSC05709.jpg 1040.0073 0 632 0 1040.19276 416 0 0 1 0.0489708428 -0.911724367 -0.407873186 0.655127831 0.337567167 -0.675911187 0.753929295 -0.234109135 0.613826955 2.15336267 -0.00572566537 -2.18337396
DSC05710.jpg 1040.0073 0 632 0 1040.19276 416 0 0 1 0.10214026 -0.875407357 -0.472471509 -0.357969951 0.410792882 -0.838514593 0.928129776 0.254776701 -0.271411037 2.06720153 2.03425995 0.16502221
DSC05711.jpg 1040.0073 0 632 0 1040.19276 416 0 0 1 0.0293334806 -0.87795622 -0.47784142 -0.758642891 0.291714463 -0.582549256 0.650845996 0.379599193 -0.657498245 2.07238084 1.25168518 1.28672041
DSC05712.jpg 1040.0073 0 632 0 1040.19276 416 0 0 1 -0.0181453012 -0.853674143 -0.520491312 -0.993216628 0.0751904486 -0.0886968251 0.114854161 0.515351195 -0.849247707 2.12244926 -0.00413840769 1.56470666
DSC05713.jpg 1040.0073 0 632 0 1040.19276 416 0 0 1 -0.0616598932 -0.882168797 -0.466879291 -0.899081972 -0.154033654 0.409786824 -0.433416273 0.445030165 -0.783644363 1.99576437 -1.28793732 1.3257102
DSC05714.jpg 1040.0073 0 632 0 1040.19276 416 0 0 1 -0.105117235 -0.877945672 -0.467077899 -0.610094956 -0.313973018 0.727464836 -0.785324462 0.361430962 -0.502626251 1.9742048 -2.0225178 0.576636632
DSC05715.jpg 1040.0073 0 632 0 1040.19276 416 0 0 1 -0.037040012 -0.923898345 -0.380841023 0.390421349 -0.364192527 0.845538274 -0.919890867 -0.117369718 0.374199334 1.71922937 -2.04771851 -1.20303541
DSC05716.jpg 1040.0073 0 632 0 1040.19276 416 0 0 1 -0.0815077742 -0.41115521 0.907914024 -0.168814371 0.903478121 0.393991109 -0.982271954 -0.121155596 -0.143049399 -2.27483863 -1.60899862 0.353245423
DSC05717.jpg 1040.0073 0 632 0 1040.19276 416 0 0 1 -0.168811386 -0.38713322 0.906438407 0.332573355 0.843333203 0.422118552 -0.92784572 0.37271568 -0.0136140532 -2.19503882 -1.80009263 -0.851242725
DSC05718.jpg 1040.0073 0 632 0 1040.19276 416 0 0 1 -0.697418125 -0.178813557 0.693998321 -0.262905113 0.964694919 -0.0156401829 -0.666699978 -0.193363454 -0.71980672 -2.02087825 -0.414214514 1.70817323
DSC05719.jpg 1040.0073 0 632 0 1040.19276 416 0 0 1 -0.996697997 0.0163196443 -0.079541013 0.0349646455 0.970381791 -0.239032743 0.0732842213 -0.24102458 -0.967748198 0.163285987 0.494968299 2.79232383
DSC05721.jpg 1040.0073 0 632 0 1040.19276 416 0 0 1 0.431180277 0.423091276 -0.796917399 0.640882582 0.478092924 0.600580279 0.635100846 -0.769688852 -0.0650075897 1.93008223 -1.44548759 0.815961997
DSC05722.jpg 1040.0073 0 632 0 1040.19276 416 0 0 1 0.860237244 -0.24624406 0.446492718 -0.359716139 0.327532901 0.873685583 -0.36138094 -0.912187515 0.193178038 -1.16643037 -2.17777853 -0.139286089
DSC05723.jpg 1040.0073 0 632 0 1040.19276 416 0 0 1 -0.0137469359 -0.807099875 -0.590254872 -0.993093674 0.0798077388 -0.0859981397 0.116515994 0.584996168 -0.802622892 2.71107409 3.9115585 2.49276552
DSC05724.jpg 1040.0073 0 632 0 1040.19276 416 0 0 1 -0.0764149849 -0.832509345 -0.54871572 -0.954139668 -0.098700473 0.282622912 -0.289444716 0.54514806 -0.786787995 2.74158649 2.27333003 3.86991068
DSC05725.jpg 1040.0073 0 632 0 1040.19276 416 0 0 1 0.0126551706 -0.924304708 -0.38144548 -0.843218849 -0.214894729 0.492749661 -0.537421454 0.315406188 -0.782110681 1.41394252 0.982466453 4.77263101
DSC05726.jpg 1040.0073 0 632 0 1040.19276 416 0 0 1 -0.0481732344 -0.911382595 -0.408731092 -0.532738633 -0.322699401 0.782339213 -0.844907621 0.255434654 -0.469983244 1.76788096 -1.32235738 4.50959741
DSC05727.jpg 1040.0073 0 632 0 1040.19276 416 0 0 1 -0.00270918858 -0.892857069 -0.450332005 -0.208751006 -0.439907248 0.87344412 -0.97796507 0.0963735839 -0.185193019 2.15861554 -1.97925838 3.37751312
DSC05728.jpg 1040.0073 0 632 0 1040.19276 416 0 0 1 -0.230234989 -0.943913826 -0.236682358 0.41376392 -0.315089813 0.854118158 -0.880790139 0.0987172646 0.463102185 2.10298855 -4.48327868 0.537229878
DSC05729.jpg 1040.0073 0 632 0 1040.19276 416 0 0 1 -0.250165235 -0.960704422 -0.120267903 0.63579533 -0.256686672 0.727925993 -0.730192888 0.105636006 0.675025467 1.64731085 -5.14106277 -0.568391012
DSC05731.jpg 1040.0073 0 632 0 1040.19276 416 0 0 1 -0.93837335 -0.0655793429 0.33934467 -0.153599255 0.958675983 -0.23947365 -0.30961706 -0.27683878 -0.909668932 1.76438618 2.37223593 4.52775439
DSC05732.jpg 1040.0073 0 632 0 1040.19276 416 0 0 1 -0.628514511 -0.266139461 0.730848341 0.19159884 0.857706122 0.477105955 -0.753829818 0.43989771 -0.488088732 -1.03945141 -2.62674883 4.12566682
DSC05733.jpg 1040.0073 0 632 0 1040.19276 416 0 0 1 -0.751551679 0.51159548 0.416461448 0.515443878 0.849405297 -0.113261861 -0.411688816 0.129540363 -0.902070736 0.839574186 -1.15176362 5.01261545
DSC05735.jpg 1040.0073 0 632 0 1040.19276 416 0 0 1 -0.995564366 -0.0922090146 0.0186839923 0.0637589449 -0.807278369 -0.586716653 0.0691837473 -0.582922921 0.809576727 0.439227983 2.35115952 -1.09325634
DSC05736.jpg 1040.0073 0 632 0 1040.19276 416 0 0 1 -0.0144094365 -0.882965223 -0.469217202 0.606918712 0.365209586 -0.705883585 0.794633277 -0.294948084 0.530625652 2.44990923 3.31555065 0.159439448
DSC05737.jpg 1040.0073 0 632 0 1040.19276 416 0 0 1 -0.0454814908 -0.92512625 -0.376925531 -0.268209839 -0.352153496 0.896689131 -0.962286296 0.141877894 -0.232111497 1.89716984 -0.0636467967 -0.0871931874
DSC05738.jpg 1040.0073 0 632 0 1040.19276 416 0 0 1 -0.240511094 -0.903095193 -0.355771678 0.208220467 -0.406001086 0.889835578 -0.94804992 0.139936384 0.285690668 1.93944905 -0.0491671663 -0.302553695
DSC05740.jpg 1040.0073 0 632 0 1040.19276 416 0 0 1 0.046187671 -0.916533915 -0.397281111 0.996400185 0.0139684275 0.0836155192 -0.0710870668 -0.399712979 0.913879731 2.29503463 -0.246176456 0.665911585
DSC05741.jpg 1040.0073 0 632 0 1040.19276 416 0 0 1 0.107422505 -0.948601691 -0.297683116 0.916281317 0.210665531 -0.340659042 0.385861315 -0.23616703 0.891816225 1.95981881 -0.211947767 -0.434752979
DSC05742.jpg 1040.0073 0 632 0 1040.19276 416 0 0 1 0.175571673 -0.936558533 -0.30336892 0.571595882 0.347872363 -0.743143974 0.801531494 -0.042929395 0.596409534 1.9165785 -0.22569339 -0.709996235
DSC05743.jpg 1040.0073 0 632 0 1040.19276 416 0 0 1 0.203529257 -0.88885037 -0.410512924 -0.01607725 0.416198411 -0.909131676 0.978936854 0.191634814 0.070418284 1.83515441 -0.105172045 -0.954597277
DSC05744.jpg 1040.0073 0 632 0 1040.19276 416 0 0 1 0.146681241 -0.864010614 -0.481632922 -0.482557461 0.362530907 -0.797314015 0.863494592 0.349366569 -0.363758285 1.84031848 -0.059560698 -0.959804603
DSC05745.jpg 1040.0073 0 632 0 1040.19276 416 0 0 1 -0.584513131 0.373662722 -0.720222584 -0.322431132 0.707582186 0.628781055 0.744568711 0.599752966 -0.293110584 -0.189336677 -1.66152347 -1.67328725
DSC05746.jpg 1040.0073 0 632 0 1040.19276 416 0 0 1 -0.817198434 0.258683133 -0.51504345 -0.222121849 0.683238185 0.695591452 0.531835128 0.682838649 -0.500881999 -0.246598848 -1.68913923 -1.62444273
DSC05747.jpg 1040.0073 0 632 0 1040.19276 416 0 0 1 -0.961774494 -0.0920987208 0.257890768 0.12528942 0.689407703 0.713456081 -0.243500274 0.718494846 -0.65151575 0.0331884522 -1.65302313 -1.56319945
DSC05748.jpg 1040.0073 0 632 0 1040.19276 416 0 0 1 -0.553302844 0.38101127 -0.740733674 0.420548341 0.895377175 0.146419969 0.719023683 -0.230499732 -0.655648394 -0.242247121 -1.28051838 0.427886859
DSC05749.jpg 1040.0073 0 632 0 1040.19276 416 0 0 1 0.0503156569 0.46713529 -0.882753055 0.582602206 0.704177083 0.405843941 0.811198498 -0.534714182 -0.236722918 -0.355120304 -1.08140866 0.748425344
DSC05750.jpg 1040.0073 0 632 0 1040.19276 416 0 0 1 0.549786328 0.373986907 -0.746906143 0.478505388 0.591907244 0.648597262 0.684666041 -0.713988521 0.14646776 -0.280925154 -1.00668308 0.886751566
DSC05751.jpg 1040.0073 0 632 0 1040.19276 416 0 0 1 0.988475329 0.111851669 -0.102008469 0.0352898285 0.485023755 0.873788639 0.147211248 -0.867318374 0.47548679 -0.101626551 -1.09098019 0.514718303
DSC05752.jpg 1040.0073 0 632 0 1040.19276 416 0 0 1 0.752188162 -0.260327178 0.605345133 -0.408692009 0.536312426 0.738471274 -0.516898259 -0.802869069 0.297014221 0.00752099924 -0.939134603 0.703240682
DSC05753.jpg 1040.0073 0 632 0 1040.19276 416 0 0 1 -0.0859221928 -0.413334452 0.906516413 -0.539961061 0.783984135 0.3062857 -0.837292918 -0.463166825 -0.290546145 -0.461321233 -0.923094855 0.922031672
DSC05754.jpg 1040.0073 0 632 0 1040.19276 416 0 0 1 -0.749946014 -0.225020949 0.622050278 -0.379395277 0.91664064 -0.125813993 -0.541885781 -0.33035664 -0.77280288 -0.203801099 -0.570294032 1.2162586
DSC05755.jpg 1040.0073 0 632 0 1040.19276 416 0 0 1 -0.979592104 -0.00146934445 -0.200990425 0.0613828614 0.950013746 -0.306114402 0.191393454 -0.312204619 -0.930535771 0.561389119 -0.50329092 1.15665183
DSC05756.jpg 1040.0073 0 632 0 1040.19276 416 0 0 1 0.998366004 -0.0293294492 0.0490418833 0.0260492599 0.997463855 0.0662366481 -0.0508601904 -0.0648509129 0.996598013 -2.95281536 0.990375078 4.51003561
DSC05757.jpg 1040.0073 0 632 0 1040.19276 416 0 0 1 0.99765094 -0.0429555475 0.0533612432 0.0589421605 0.935210138 -0.349153002 -0.0349059173 0.351478048 0.935545167 -2.9080656 -1.00803413 4.41794194
DSC05758.jpg 1040.0073 0 632 0 1040.19276 416 0 0 1 0.999999928 -0.000142789902 -0.000352191189 0.00014270442 0.99999996 -0.000242729733 0.000352225834 0.000242679457 0.999999909 -0.357417142 0.913115386 3.73785713
DSC05759.jpg 1040.0073 0 632 0 1040.19276 416 0 0 1 0.999765187 -0.0122307836 0.0178879284 0.0172431906 0.948977609 -0.314871671 -0.0131241162 0.31510618 0.948965675 -0.254371112 -0.354250671 3.79144911
DSC05760.jpg 1040.0073 0 632 0 1040.19276 416 0 0 1 0.991266746 0.0453979948 -0.12381139 -0.028900563 0.990838218 0.131925676 0.128666218 -0.127195316 0.983497004 2.65830177 1.18404691 4.6309257
DSC05761.jpg 1040.0073 0 632 0 1040.19276 416 0 0 1 0.997080044 -0.00412571759 -0.076251977 -0.0210631869 0.944944416 -0.326552283 0.0734011423 0.327204874 0.942098319 2.87207785 -0.871466316 4.50467531
DSC05762.jpg 1040.0073 0 632 0 1040.19276 416 0 0 1 0.497893719 0.372456214 -0.783184661 -0.275943834 0.924183054 0.264084615 0.822165948 0.0846289072 0.562921933 -0.186400864 0.268540434 6.98305123
DSC05763.jpg 1040.0073 0 632 0 1040.19276 416 0 0 1 0.540265907 0.331696798 -0.773362776 -0.599564099 0.796595635 -0.0771899324 0.590453758 0.505383645 0.629246955 0.0442309689 -3.07809918 6.19081239
DSC05764.jpg 1040.0073 0 632 0 1040.19276 416 0 0 1 -0.0326366799 0.404513715 -0.913949398 -0.300145531 0.868262209 0.395010628 0.95333494 0.287209663 0.0930757882 -0.139567334 1.05250136 4.63330562
DSC05765.jpg 1040.0073 0 632 0 1040.19276 416 0 0 1 0.00522589174 0.376046424 -0.926586087 -0.720593341 0.643871254 0.25724511 0.693338249 0.666347429 0.27434135 -0.0328453412 -1.31524184 4.46383596
DSC05766.jpg 1040.0073 0 632 0 1040.19276 416 0 0 1 -0.658356453 0.350158038 -0.66630033 -0.277794451 0.709684295 0.647439916 0.699569171 0.61134078 -0.369953275 0.338372551 0.411527286 4.94987692
DSC05767.jpg 1040.0073 0 632 0 1040.19276 416 0 0 1 -0.65420797 0.33337748 -0.67887509 -0.520145753 0.453305664 0.72385245 0.54905403 0.826664037 -0.123151298 0.355370853 -1.43273031 4.74395429
DSC05768.jpg 1040.0073 0 632 0 1040.19276 416 0 0 1 -0.999927564 -0.0113060493 -0.00412791789 -0.0116308476 0.819418784 0.57307729 -0.00309674664 0.57308379 -0.819490927 0.382294683 1.86618656 3.21626797
DSC05769.jpg 1040.0073 0 632 0 1040.19276 416 0 0 1 -0.999461478 -0.0150619874 -0.0291528934 -0.0327736238 0.414174385 0.909607315 -0.00162611227 0.910072918 -0.414444979 0.379358069 -0.0662359615 3.65481581
DSC05770.jpg 1040.0073 0 632 0 1040.19276 416 0 0 1 -0.792735316 -0.241466609 0.559700452 0.210496755 0.753271508 0.623115681 -0.572068034 0.611780935 -0.546316989 0.706247754 0.461013355 6.00200751
DSC05771.jpg 1040.0073 0 632 0 1040.19276 416 0 0 1 -0.809880128 -0.224434191 0.541962611 0.440625999 0.377137953 0.814626106 -0.387224621 0.898552313 -0.206544994 0.8381699 -2.36535153 5.38471761
DSC05773.jpg 1040.0073 0 632 0 1040.19276 416 0 0 1 -0.0291771414 -0.374237463 0.926873786 0.583457965 0.746533076 0.319789258 -0.811619059 0.550122429 0.196570128 0.0438341674 -0.135442203 4.09081497
DSC05774.jpg 1040.0073 0 632 0 1040.19276 416 0 0 1 0.682487405 -0.322341233 0.655977951 0.231375524 0.946622511 0.224435267 -0.693308235 -0.00139700071 0.720639812 0.188935946 0.894482681 5.81334278
DSC05775.jpg 1040.0073 0 632 0 1040.19276 416 0 0 1 0.634459186 -0.340149357 0.6940893 0.575917205 0.806946685 -0.13098252 -0.515539439 0.482841032 0.707872604 0.505673166 -2.08448196 5.34972213
DSC05776.jpg 1040.0073 0 632 0 1040.19276 416 0 0 1 0.223311482 -0.94330915 -0.245560235 0.479142973 0.325615003 -0.815105442 0.848854519 0.0643639434 0.524693519 -0.298315577 -0.714140816 1.26514591
DSC05777.jpg 1040.0073 0 632 0 1040.19276 416 0 0 1 0.147617313 -0.987410523 -0.0568294649 0.896441811 0.157850428 -0.414095789 0.417853094 0.0101833993 0.908457533 -0.0756550115 -2.9527901 1.09570392
DSC05778.jpg 1040.0073 0 632 0 1040.19276 416 0 0 1 -0.0348808338 -0.981190309 -0.18986549 0.971691407 -0.0777152766 0.223105683 -0.233664583 -0.176708553 0.956124966 -0.0455260014 -3.41914735 3.27560744
DSC05779.jpg 1040.0073 0 632 0 1040.19276 416 0 0 1 -0.107313173 -0.968609784 -0.224229724 0.886083246 -0.195467112 0.420296431 -0.450932772 -0.153582858 0.879245097 -0.135851795 -1.04941379 3.3154864
DSC05780.jpg 1040.0073 0 632 0 1040.19276 416 0 0 1 0.973814233 0.0925470364 0.207655691 0.00641906209 0.901836825 -0.432029091 -0.227254561 0.422049033 0.877627471 -0.870534717 -1.14007591 1.89035771
DSC05781.jpg 1040.0073 0 632 0 1040.19276 416 0 0 1 0.742100691 -0.627535098 -0.235555228 0.645093241 0.764096807 -0.00328341538 0.182047456 -0.14951846 0.971855418 3.02779037 1.12317608 5.26364126
DSC05782.jpg 1040.0073 0 632 0 1040.19276 416 0 0 1 0.674621146 -0.682820135 -0.280433543 0.666337112 0.726785596 -0.166665985 0.31761795 -0.0744268798 0.945293329 0.837014118 0.485547133 5.42219096
DSC05783.jpg 1040.0073 0 632 0 1040.19276 416 0 0 1 0.695994919 -0.68816745 -0.204979594 0.583821962 0.708534582 -0.396397103 0.418022715 0.156218781 0.894903739 -0.0713584015 -0.930459241 5.34448873
DSC05784.jpg 1040.0073 0 632 0 1040.19276 416 0 0 1 0.726036897 -0.430475254 0.536247592 0.531255594 0.846270062 -0.0399308876 -0.436621024 0.313875831 0.843115677 4.69491912 0.450473101 2.26905915
DSC05785.jpg 1040.0073 0 632 0 1040.19276 416 0 0 1 -0.0380084361 -0.393162997 0.91868287 0.520333417 0.777090918 0.354094394 -0.853116929 0.491479971 0.175039835 -0.496068671 2.15174367 1.05572492
DSC05786.jpg 1040.0073 0 632 0 1040.19276 416 0 0 1 0.739597642 -0.287163872 0.608713594 0.395516933 0.917210821 -0.0478608992 -0.544574774 0.276154342 0.791945134 -0.123430573 2.28800764 0.812292023
DSC05787.jpg 1040.0073 0 632 0 1040.19276 416 0 0 1 0.829646344 0.116577029 -0.545982362 -0.194864877 0.976917831 -0.0875170295 0.52317743 0.17900097 0.833213076 0.622189879 2.23776814 0.960769604
DSC05788.jpg 1040.0073 0 632 0 1040.19276 416 0 0 1 -0.171110252 0.432275516 -0.88535821 -0.568090701 0.690905432 0.447127096 0.804980892 0.579471796 0.127350698 0.677323231 1.61840895 1.70457433
DSC05789.jpg 1040.0073 0 632 0 1040.19276 416 0 0 1 -0.853390335 0.215988688 -0.474419459 -0.279304938 0.578981146 0.766008867 0.440129172 0.786212261 -0.433770207 -0.108642102 1.54948313 1.75491633
DSC05790.jpg 1040.0073 0 632 0 1040.19276 416 0 0 1 -0.997153339 0.0578025861 0.0484156907 0.0709795224 0.502969333 0.861384791 0.0254386609 0.862369243 -0.50564035 -0.798629753 1.64193753 1.59146921
DSC05791.jpg 1040.0073 0 632 0 1040.19276 416 0 0 1 0.568374878 0.344516105 -0.747167084 0.259022854 0.787011511 0.559928605 0.780933518 -0.511782703 0.358080027 1.11195938 1.42108785 -1.77077362
DSC05793.jpg 1040.0073 0 632 0 1040.19276 416 0 0 1 -0.429009229 -0.354835017 0.830688384 -0.211875383 0.933488399 0.289323748 -0.878100167 -0.0518798612 -0.475655944 -0.319161274 1.55142187 -1.22572368
DSC05794.jpg 1040.0073 0 632 0 1040.19276 416 0 0 1 -0.672687312 0.280250018 -0.684800487 0.205503244 0.959848448 0.19094338 0.71081657 -0.0122835329 -0.70327016 0.414931867 1.50210543 -0.814912624
DSC05795.jpg 1040.0073 0 632 0 1040.19276 416 0 0 1 -0.0339310537 -0.936849429 -0.348083081 0.951915793 -0.136399398 0.27432012 -0.30447497 -0.322037811 0.896429942 -0.979056013 3.28235107 1.22994337
DSC05796.jpg 1040.0073 0 632 0 1040.19276 416 0 0 1 -0.0554206182 -0.953487447 -0.296294183 0.842252371 -0.204014616 0.498987956 -0.536227096 -0.221900257 0.814383679 -0.778112331 1.49999951 1.37863735
DSC05797.jpg 1040.0073 0 632 0 1040.19276 416 0 0 1 -0.0964741567 -0.94261906 -0.31962798 0.443901055 -0.328168113 0.83382105 -0.890867325 -0.0614410147 0.450089337 -0.790422544 -1.81647801 1.49229737
DSC05798.jpg 1040.0073 0 632 0 1040.19276 416 0 0 1 -0.0136149782 -0.938543687 -0.344891839 0.760633786 -0.23361093 0.605691486 -0.649038424 -0.254089909 0.717068646 -1.01976183 -2.56808459 0.703515561
DSC05799.jpg 1040.0073 0 632 0 1040.19276 416 0 0 1 0.0100746778 -0.95376878 -0.300372459 0.942833309 -0.0910074159 0.320597881 -0.333112371 -0.28643108 0.898328105 -1.1093666 -2.82491133 -0.214945857
DSC05800.jpg 1040.0073 0 632 0 1040.19276 416 0 0 1 0.0215429654 -0.905625477 -0.423530868 0.988993181 0.0813311701 -0.123603113 0.14638439 -0.416206363 0.897409535 -1.12528584 -2.75660328 -1.58833791
DSC05801.jpg 1040.0073 0 632 0 1040.19276 416 0 0 1 -0.0599008351 -0.89479421 -0.442442326 -0.805848654 -0.21822605 0.550441039 -0.589083896 0.389513431 -0.707996787 -0.92396919 2.12862349 1.00926958
DSC05802.jpg 1040.0073 0 632 0 1040.19276 416 0 0 1 -0.134545449 -0.870044739 -0.474256971 -0.708193991 -0.250327613 0.660149497 -0.693079212 0.424686048 -0.582480015 -0.758440274 0.603124342 0.847941533
DSC05803.jpg 1040.0073 0 632 0 1040.19276 416 0 0 1 -0.151122131 -0.873132796 -0.463466527 -0.649323227 -0.265836313 0.712538 -0.745346529 0.408619842 -0.526771655 -0.816853606 -0.987426962 -0.365794433
DSC05804.jpg 1040.0073 0 632 0 1040.19276 416 0 0 1 -0.260460007 -0.784119163 -0.563309615 -0.646536639 -0.291660118 0.704928897 -0.717043205 0.547806091 -0.430995972 -1.05781704 -1.43584378 -1.10699879
DSC05805.jpg 1040.0073 0 632 0 1040.19276 416 0 0 1 -0.620905991 0.40606902 0.670510031 0.685800537 0.695694653 0.213744179 -0.379675354 0.59255118 -0.710443329 0.6146865 1.18710709 -1.89162687
