126
000001.jpg 1163.25473 0 978.5 0 1156.2804 545.5 0 0 1 0.786188026 -0.0287844462 0.617316647 -0.0164420441 0.997586783 0.0674556915 -0.617768603 -0.0631828045 0.783817508 -1.233242 -0.470907589 3.94507725
000003.jpg 1163.25473 0 978.5 0 1156.2804 545.5 0 0 1 0.740817978 -0.0395491245 0.670540521 -0.00698420202 0.997757653 0.066564902 -0.67166952 -0.0539956665 0.738880588 -0.870294051 -0.534764734 4.32343544
000005.jpg 1163.25473 0 978.5 0 1156.2804 545.5 0 0 1 0.723218253 -0.0510524405 0.688729996 0.00138208288 0.997368969 0.0724791612 -0.690618164 -0.0514663704 0.721386002 -0.732034032 -0.552394074 4.34632782
000007.jpg 1163.25473 0 978.5 0 1156.2804 545.5 0 0 1 0.823939176 -0.0320479443 0.5657713 -0.0100178414 0.997419767 0.0710876376 -0.56658969 -0.0642396967 0.821492169 -1.14690154 -0.474798963 3.95579607
000009.jpg 1163.25473 0 978.5 0 1156.2804 545.5 0 0 1 0.869745358 -0.0275874389 0.492729079 -0.0149588102 0.99650375 0.0821979943 -0.493274007 -0.0788619648 0.866291835 -1.04253768 -0.417454577 3.53287676
000011.jpg 1163.25473 0 978.5 0 1156.2804 545.5 0 0 1 0.827348729 -0.0503739532 0.559425192 -0.0064316212 0.995055442 0.0991125724 -0.561651774 -0.0855986718 0.822933869 -0.357343787 -0.354978888 3.11422295
000013.jpg 1163.25473 0 978.5 0 1156.2804 545.5 0 0 1 0.75577964 -0.0876384825 0.648934998 0.00390468591 0.991589192 0.129366254 -0.654814393 -0.0952384936 0.749765123 0.517046536 -0.283608789 2.81420989
000015.jpg 1163.25473 0 978.5 0 1156.2804 545.5 0 0 1 0.887893411 -0.0713044203 0.454489792 0.00947902981 0.990541356 0.136886703 -0.459951562 -0.117232679 0.88017104 0.289450474 -0.249654234 2.88480674
000017.jpg 1163.25473 0 978.5 0 1156.2804 545.5 0 0 1 0.995376339 -0.018212188 0.0943093803 0.00621798663 0.992018025 0.125942742 -0.0958502981 -0.124774011 0.987544514 -0.578269111 -0.273000864 2.82453409
000019.jpg 1163.25473 0 978.5 0 1156.2804 545.5 0 0 1 0.982800782 0.0282302289 -0.182498429 -0.00927388612 0.994544371 0.103901348 0.184435944 -0.100421856 0.977700789 -1.53607313 -0.388439025 2.67146882
000021.jpg 1163.25473 0 978.5 0 1156.2804 545.5 0 0 1 0.972219323 0.0513100283 -0.228378786 -0.0673946948 0.995723182 -0.0631925591 0.224159639 0.0768285455 0.971519341 -1.63537717 -0.667533744 2.44937281
000023.jpg 1163.25473 0 978.5 0 1156.2804 545.5 0 0 1 0.850910172 0.140590769 -0.506148313 -0.18896654 0.98094233 -0.0452083178 0.490146433 0.134113313 0.861260758 -1.89297683 -0.396905591 1.76737095
000025.jpg 1163.25473 0 978.5 0 1156.2804 545.5 0 0 1 0.760157665 0.225195562 -0.609464752 -0.26949449 0.962801953 0.0196244724 0.591213197 0.149329699 0.792570247 -1.48312757 -0.24158181 1.53183883
000027.jpg 1163.25473 0 978.5 0 1156.2804 545.5 0 0 1 0.574039741 0.258557345 -0.776934022 -0.310765178 0.946640194 0.0854245162 0.757564109 0.192406973 0.623759711 -1.18565734 -0.201660482 1.35973779
000029.jpg 1163.25473 0 978.5 0 1156.2804 545.5 0 0 1 0.491751788 0.267413873 -0.828655537 -0.305481495 0.944167167 0.123407523 0.815390235 0.192453062 0.545985882 -0.656317704 -0.257648049 1.53602442
000031.jpg 1163.25473 0 978.5 0 1156.2804 545.5 0 0 1 0.430710287 0.257428365 -0.864996697 -0.294111311 0.946169236 0.135138126 0.853221651 0.196199931 0.483237417 -0.416244399 -0.341286774 1.85219791
000033.jpg 1163.25473 0 978.5 0 1156.2804 545.5 0 0 1 0.545017367 0.262101911 -0.796403577 -0.279818254 0.952281407 0.121909258 0.790352968 0.156405596 0.592350804 -0.269938365 -0.422413861 2.25526287
000035.jpg 1163.25473 0 978.5 0 1156.2804 545.5 0 0 1 0.731562223 0.245328752 -0.636105744 -0.258301625 0.963194038 0.0744144842 0.630949273 0.109868322 0.768005187 -0.32410382 -0.411073055 2.41895462
000037.jpg 1163.25473 0 978.5 0 1156.2804 545.5 0 0 1 0.906445513 0.204318054 -0.369608799 -0.210675462 0.977272076 0.0235614023 0.366022378 0.056510377 0.928888689 -0.21213815 -0.419978482 2.74927158
000039.jpg 1163.25473 0 978.5 0 1156.2804 545.5 0 0 1 0.991519773 0.129771453 -0.00692162949 -0.129883978 0.99133625 -0.0195599556 0.00432333835 0.0202930915 0.999784726 0.199534027 -0.380927474 2.78023601
000041.jpg 1163.25473 0 978.5 0 1156.2804 545.5 0 0 1 0.982624488 0.0785686916 0.168154917 -0.0704703249 0.996072412 -0.0536067536 -0.171706286 0.0408253772 0.984301905 0.194807025 -0.524528945 3.02329234
000043.jpg 1163.25473 0 978.5 0 1156.2804 545.5 0 0 1 0.97969381 0.0666953244 0.18908139 -0.0515131571 0.995124339 -0.0841067412 -0.19376902 0.0726586744 0.978352842 -0.229766581 -0.7428917 3.58190404
000045.jpg 1163.25473 0 978.5 0 1156.2804 545.5 0 0 1 0.980253395 0.0916579285 -0.175220165 -0.113699462 0.986218556 -0.120188984 0.161789105 0.137738099 0.977165545 -1.52024923 -0.806311883 3.44228232
000047.jpg 1163.25473 0 978.5 0 1156.2804 545.5 0 0 1 0.901020528 0.144225256 -0.40909789 -0.196656768 0.976434557 -0.0888913435 0.38663694 0.160544794 0.908150453 -1.56239232 -0.643988165 2.97437088
000049.jpg 1163.25473 0 978.5 0 1156.2804 545.5 0 0 1 0.836174732 0.177743834 -0.518863129 -0.230502222 0.97231436 -0.0383863298 0.497675138 0.151696783 0.853995048 -0.94426996 -0.498561366 2.82518608
000051.jpg 1163.25473 0 978.5 0 1156.2804 545.5 0 0 1 0.812907386 0.184761267 -0.55230866 -0.233234208 0.972253259 -0.0180389466 0.533650996 0.143481266 0.833444504 -0.161828938 -0.569679323 2.89164562
000053.jpg 1163.25473 0 978.5 0 1156.2804 545.5 0 0 1 0.771654291 0.18275555 -0.609220866 -0.237548923 0.971329084 -0.00950372096 0.590017088 0.152053348 0.79294364 0.491928454 -0.676029878 3.02887866
000055.jpg 1163.25473 0 978.5 0 1156.2804 545.5 0 0 1 0.674956785 0.180593151 -0.71541558 -0.254136861 0.967158366 0.00437616757 0.69271047 0.178859746 0.698685478 0.78980166 -0.839374265 3.17701507
000057.jpg 1163.25473 0 978.5 0 1156.2804 545.5 0 0 1 0.502561925 0.180938098 -0.845395124 -0.287595224 0.957152244 0.0338905402 0.81530393 0.226099505 0.533065207 0.669337198 -0.989681953 3.33047477
000059.jpg 1163.25473 0 978.5 0 1156.2804 545.5 0 0 1 0.309358559 0.186928651 -0.932392064 -0.322660389 0.942956904 0.0819911618 0.894532031 0.275481319 0.35202626 0.510291016 -1.09077952 3.45099794
000061.jpg 1163.25473 0 978.5 0 1156.2804 545.5 0 0 1 0.254329146 0.214812277 -0.942959369 -0.340756876 0.932397266 0.120499333 0.905097474 0.290673396 0.310334561 0.822702247 -1.07254248 3.72963861
000063.jpg 1163.25473 0 978.5 0 1156.2804 545.5 0 0 1 0.135076712 0.195205441 -0.971416037 -0.288235517 0.945743198 0.149966962 0.947984477 0.25973956 0.184013023 0.750191254 -0.841033573 3.84080077
000065.jpg 1163.25473 0 978.5 0 1156.2804 545.5 0 0 1 -0.229025528 0.132834167 -0.964314467 -0.279148697 0.940075003 0.195793244 0.932535958 0.314028778 -0.178220689 0.0570784019 -0.935950435 4.0665289
000067.jpg 1163.25473 0 978.5 0 1156.2804 545.5 0 0 1 -0.510315099 0.0801239047 -0.856246845 -0.262756434 0.933512337 0.243954451 0.818863576 0.349478007 -0.455332369 -0.489620739 -1.00261793 4.07469543
000069.jpg 1163.25473 0 978.5 0 1156.2804 545.5 0 0 1 -0.623463663 0.0686752771 -0.778830384 -0.25779596 0.922371504 0.287701324 0.738128921 0.380150648 -0.557360908 -0.256565268 -1.11872123 3.95423057
000071.jpg 1163.25473 0 978.5 0 1156.2804 545.5 0 0 1 -0.660766021 0.0816186178 -0.746141184 -0.277581189 0.897023895 0.343943041 0.697378627 0.434380632 -0.570067117 0.161170437 -1.25289889 3.60554798
000073.jpg 1163.25473 0 978.5 0 1156.2804 545.5 0 0 1 -0.771963934 0.0704491357 -0.631750429 -0.233597663 0.892860272 0.385009957 0.591188478 0.444789224 -0.672799174 0.362736123 -1.19894498 3.73537508
000075.jpg 1163.25473 0 978.5 0 1156.2804 545.5 0 0 1 -0.839508698 0.0841934546 -0.536783576 -0.172090039 0.895860942 0.409656186 0.51537381 0.436285038 -0.737594199 0.811788869 -1.21031648 4.03001058
000077.jpg 1163.25473 0 978.5 0 1156.2804 545.5 0 0 1 -0.859095213 0.0921739434 -0.503447495 -0.14378054 0.900575409 0.410232969 0.491205224 0.424815133 -0.760427203 1.54435784 -1.28958269 4.38283623
000079.jpg 1163.25473 0 978.5 0 1156.2804 545.5 0 0 1 -0.894276486 0.0743447251 -0.441296305 -0.125581434 0.904791574 0.406917082 0.429533317 0.419315001 -0.799797512 1.9315582 -1.40362611 4.71624888
000081.jpg 1163.25473 0 978.5 0 1156.2804 545.5 0 0 1 -0.936322675 0.0580566634 -0.34630806 -0.0776481645 0.927588773 0.365444703 0.342447969 0.369064347 -0.864014407 1.73016888 -1.28168989 4.93891632
000083.jpg 1163.25473 0 978.5 0 1156.2804 545.5 0 0 1 -0.841681019 0.0698367592 -0.535439902 -0.105279744 0.951347182 0.289576787 0.529612346 0.300102261 -0.793378469 2.24253624 -0.771932894 4.24990891
000085.jpg 1163.25473 0 978.5 0 1156.2804 545.5 0 0 1 -0.798886011 0.0264860326 -0.600899019 -0.149517362 0.958926708 0.241047977 0.582602523 0.282414693 -0.762113011 1.71712778 -0.455551224 3.98563133
000087.jpg 1163.25473 0 978.5 0 1156.2804 545.5 0 0 1 -0.640038975 0.0239555245 -0.767968908 -0.195882157 0.961399043 0.193240939 0.742953761 0.274113139 -0.610640398 1.65821192 -0.383656911 3.59998123
000089.jpg 1163.25473 0 978.5 0 1156.2804 545.5 0 0 1 -0.608326242 -0.00438632856 -0.79367496 -0.230401308 0.957899329 0.171301235 0.759509329 0.287070785 -0.583725915 0.869120464 -0.440756083 3.6723403
000091.jpg 1163.25473 0 978.5 0 1156.2804 545.5 0 0 1 -0.738618985 -0.0496252783 -0.672294077 -0.261592551 0.940237694 0.217996368 0.621298102 0.336883379 -0.707459015 -0.0659956941 -0.651538357 3.33255447
000093.jpg 1163.25473 0 978.5 0 1156.2804 545.5 0 0 1 -0.852172757 -0.0593346311 -0.519885558 -0.228733818 0.935837056 0.268122819 0.470619202 0.34740237 -0.81106668 -0.243189214 -0.704584793 3.00810832
000095.jpg 1163.25473 0 978.5 0 1156.2804 545.5 0 0 1 -0.877184699 -0.0215328077 -0.479670035 -0.191763813 0.931573704 0.308864166 0.440197279 0.362914275 -0.821291413 0.386796321 -0.758005561 3.12140945
000097.jpg 1163.25473 0 978.5 0 1156.2804 545.5 0 0 1 -0.968553812 -0.0546658773 -0.242724444 -0.118650603 0.958971611 0.257479092 0.21869053 0.278181758 -0.935301749 0.201216898 -0.420672549 3.68200375
000099.jpg 1163.25473 0 978.5 0 1156.2804 545.5 0 0 1 -0.98778129 -0.123545441 0.0949981392 -0.0965802114 0.963669594 0.249024448 -0.122312653 0.23680675 -0.96382684 -0.527863451 -0.344392376 4.1097298
000101.jpg 1163.25473 0 978.5 0 1156.2804 545.5 0 0 1 -0.957992336 -0.169397851 0.231419645 -0.108543954 0.961053657 0.254153653 -0.265459778 0.218358049 -0.93906915 -0.484699632 -0.364317607 4.39975574
000103.jpg 1163.25473 0 978.5 0 1156.2804 545.5 0 0 1 -0.956979649 -0.191605278 0.217893022 -0.127828347 0.952556614 0.276216962 -0.260480067 0.236481107 -0.93606988 0.255658552 -0.374139957 4.54420821
000105.jpg 1163.25473 0 978.5 0 1156.2804 545.5 0 0 1 -0.92608556 -0.217734385 0.308151379 -0.127398291 0.949178037 0.287803283 -0.355155192 0.227272506 -0.906759063 0.558625471 -0.439462467 4.65599774
000107.jpg 1163.25473 0 978.5 0 1156.2804 545.5 0 0 1 -0.876613351 -0.220025445 0.427946068 -0.0987827962 0.952683018 0.287466567 -0.470946911 0.209723321 -0.856869381 0.558717065 -0.482463073 4.74516169
000109.jpg 1163.25473 0 978.5 0 1156.2804 545.5 0 0 1 -0.851416556 -0.135010155 0.506815653 -0.0158176144 0.972471753 0.232483315 -0.524251515 0.189923529 -0.83011409 0.806596099 -0.4113157 4.71830963
000111.jpg 1163.25473 0 978.5 0 1156.2804 545.5 0 0 1 -0.625404585 -0.135536659 0.768439275 0.0153797502 0.982466528 0.185803617 -0.780149068 0.128020838 -0.612354552 -0.236823944 -0.302028532 5.07924543
000113.jpg 1163.25473 0 978.5 0 1156.2804 545.5 0 0 1 -0.426546746 -0.117912242 0.896746662 0.0839134475 0.982030485 0.169040411 -0.900564493 0.147352741 -0.408987485 -0.659662312 -0.568952089 5.07874809
000115.jpg 1163.25473 0 978.5 0 1156.2804 545.5 0 0 1 -0.2340532 -0.0853338397 0.968471598 0.139520664 0.982881797 0.120321893 -0.962160633 0.163283524 -0.218140796 -0.869828026 -0.819558434 5.07315224
000117.jpg 1163.25473 0 978.5 0 1156.2804 545.5 0 0 1 -0.0712371792 -0.0471088138 0.996346337 0.0943953969 0.994082667 0.0537509048 -0.992982766 0.0978795708 -0.0663687899 -1.01811483 -0.608422565 5.12611763
000119.jpg 1163.25473 0 978.5 0 1156.2804 545.5 0 0 1 0.0238412117 -0.040258252 0.998904835 0.0870555449 0.995476828 0.0380423099 -0.995918134 0.0860532299 0.0272380778 -1.10936326 -0.564249928 5.28218423
000121.jpg 1163.25473 0 978.5 0 1156.2804 545.5 0 0 1 0.0325636097 -0.116443082 0.992663397 0.13035262 0.985201684 0.111291672 -0.990932796 0.125772216 0.0472603841 -0.524626014 -0.86446015 5.0852802
000123.jpg 1163.25473 0 978.5 0 1156.2804 545.5 0 0 1 0.305397747 -0.093823756 0.947591325 0.134943455 0.989355083 0.0544681882 -0.942614704 0.111236786 0.314807715 -1.21764488 -0.964785771 4.87610934
000125.jpg 1163.25473 0 978.5 0 1156.2804 545.5 0 0 1 0.616188401 -0.0495239454 0.786040223 0.103365377 0.994473737 -0.0183734662 -0.780786432 0.0925708609 0.617902244 -2.17398525 -0.946274234 4.53176476
000127.jpg 1163.25473 0 978.5 0 1156.2804 545.5 0 0 1 0.707239727 -0.0212393084 0.706654697 0.0759649787 0.996044666 -0.0460906169 -0.702880709 0.0862781242 0.706055801 -2.00335671 -0.90557582 4.81204428
000129.jpg 1163.25473 0 978.5 0 1156.2804 545.5 0 0 1 0.727839737 -0.0101021648 0.685672855 0.0620717492 0.99675739 -0.051203541 -0.682932219 0.0798288853 0.726106696 -1.44125251 -0.835398197 4.98518329
000131.jpg 1163.25473 0 978.5 0 1156.2804 545.5 0 0 1 0.86507138 -0.00291479017 0.501640321 0.0258357214 0.998914922 -0.0387491097 -0.500983057 0.0464809854 0.864208016 -1.91075906 -0.754736858 4.34296361
000133.jpg 1163.25473 0 978.5 0 1156.2804 545.5 0 0 1 0.859458944 -0.00506147276 0.511179718 0.0249765741 0.999172526 -0.0321003649 -0.510594255 0.0403564638 0.858874183 -1.27646189 -0.739059271 3.83453125
000135.jpg 1163.25473 0 978.5 0 1156.2804 545.5 0 0 1 0.842763715 -0.0174662326 0.538000234 0.0372206295 0.998972067 -0.0258734413 -0.536995294 0.0418299049 0.842547514 -0.688129152 -0.701214325 3.20668248
000137.jpg 1163.25473 0 978.5 0 1156.2804 545.5 0 0 1 0.73206565 -0.0448065621 0.679758969 0.0625239485 0.998042262 -0.00154877309 -0.678358784 0.0436350184 0.733433941 0.402018488 -0.501310407 2.56221509
000139.jpg 1163.25473 0 978.5 0 1156.2804 545.5 0 0 1 0.815999265 -0.0586829302 0.57506653 0.0580244349 0.99812432 0.0195194173 -0.575133345 0.0174400802 0.817873755 0.608392807 -0.436479993 2.44375583
000141.jpg 1163.25473 0 978.5 0 1156.2804 545.5 0 0 1 0.993992741 -0.00805529698 0.109149182 0.00893168485 0.999931664 -0.00754273526 -0.109080964 0.00847231018 0.993996762 -0.213620654 -0.424358581 2.30333573
000143.jpg 1163.25473 0 978.5 0 1156.2804 545.5 0 0 1 0.959665862 0.0516979612 -0.276348973 -0.0564801403 0.99835977 -0.00936821965 0.275411379 0.0245985893 0.961011697 -0.54685724 -0.164899863 1.86272302
000145.jpg 1163.25473 0 978.5 0 1156.2804 545.5 0 0 1 0.729429926 0.106559022 -0.675704934 -0.132212778 0.991128377 0.0135765083 0.671157034 0.0794337148 0.737047163 -0.84267078 -0.0914156581 1.53474622
000147.jpg 1163.25473 0 978.5 0 1156.2804 545.5 0 0 1 0.512135234 0.145473604 -0.846495678 -0.240873597 0.970328743 0.0210247542 0.824437634 0.193130942 0.531980289 -0.610661791 -0.236008283 1.43885642
000149.jpg 1163.25473 0 978.5 0 1156.2804 545.5 0 0 1 0.333929878 0.194089515 -0.922399098 -0.315407416 0.945169169 0.0846959474 0.888261785 0.262649009 0.376837498 -0.709844046 -0.388074809 1.7779597
000151.jpg 1163.25473 0 978.5 0 1156.2804 545.5 0 0 1 0.445082807 0.263701387 -0.855782024 -0.357749882 0.928444424 0.100029865 0.820924062 0.261634346 0.507573791 -0.233946782 -0.661095172 2.22902796
000153.jpg 1163.25473 0 978.5 0 1156.2804 545.5 0 0 1 0.418596003 0.28220317 -0.863214201 -0.405696837 0.908490874 0.100271671 0.812519208 0.308229951 0.494779582 0.0963988429 -0.948108861 2.58103515
000155.jpg 1163.25473 0 978.5 0 1156.2804 545.5 0 0 1 0.226497834 0.281685889 -0.932390364 -0.434122036 0.886122421 0.162250155 0.871915586 0.368021895 0.32299086 0.0555374702 -1.19582492 2.925315
000157.jpg 1163.25473 0 978.5 0 1156.2804 545.5 0 0 1 -0.0230359285 0.265478051 -0.963841663 -0.431092656 0.867222086 0.24916857 0.902013563 0.421244892 0.0944683723 -0.24768139 -1.38815588 3.31671947
000159.jpg 1163.25473 0 978.5 0 1156.2804 545.5 0 0 1 -0.175575633 0.254171715 -0.951088816 -0.417421952 0.855732421 0.305746525 0.891589654 0.45068699 -0.0441489083 -0.127996494 -1.45588001 3.31098767
000161.jpg 1163.25473 0 978.5 0 1156.2804 545.5 0 0 1 -0.419617902 0.20935166 -0.883228565 -0.378961528 0.843774631 0.380042804 0.824808448 0.494182411 -0.274726716 -0.377762535 -1.54386227 3.40238273
000163.jpg 1163.25473 0 978.5 0 1156.2804 545.5 0 0 1 -0.601507968 0.20502268 -0.772110008 -0.30427519 0.834856431 0.458727967 0.738650643 0.510862447 -0.439789481 -0.39212475 -1.39322432 3.23124553
000165.jpg 1163.25473 0 978.5 0 1156.2804 545.5 0 0 1 -0.593848712 0.187146861 -0.782508633 -0.215349318 0.900115736 0.378703489 0.775221503 0.393405279 -0.494230622 0.281852254 -0.917329902 3.12986568
000167.jpg 1163.25473 0 978.5 0 1156.2804 545.5 0 0 1 -0.583433515 0.156998421 -0.796841784 -0.209778794 0.918711856 0.334606311 0.784600657 0.362381045 -0.503072348 0.899002788 -0.700103889 2.73381197
000169.jpg 1163.25473 0 978.5 0 1156.2804 545.5 0 0 1 -0.85143916 0.0264701386 -0.523784965 -0.180353811 0.923035287 0.339821073 0.492467116 0.383803583 -0.781134399 0.434731226 -0.704127729 3.07133474
000171.jpg 1163.25473 0 978.5 0 1156.2804 545.5 0 0 1 -0.990139092 -0.0768602365 -0.117119945 -0.114571864 0.925377707 0.361316187 0.0806093389 0.371171932 -0.925058664 -0.312414563 -0.712034794 3.18023853
000173.jpg 1163.25473 0 978.5 0 1156.2804 545.5 0 0 1 -0.965438868 -0.133674671 0.223738407 -0.0446141323 0.930544358 0.363451204 -0.256782732 0.340908024 -0.90434747 -0.771636964 -0.697560147 3.1974701
000175.jpg 1163.25473 0 978.5 0 1156.2804 545.5 0 0 1 -0.946024111 -0.141015819 0.291809732 -0.0256108559 0.930091368 0.366434348 -0.323082752 0.339182231 -0.883500396 -0.308019881 -0.738214751 3.43366169
000177.jpg 1163.25473 0 978.5 0 1156.2804 545.5 0 0 1 -0.933041241 -0.148906057 0.327507297 -0.0155854522 0.926200475 0.376709136 -0.359431686 0.34638081 -0.866504009 0.322440982 -0.843355541 3.75965177
000179.jpg 1163.25473 0 978.5 0 1156.2804 545.5 0 0 1 -0.903214524 -0.156879482 0.399490115 0.0121611895 0.921072938 0.38920014 -0.42901705 0.356389494 -0.830018614 0.912877575 -0.856035777 3.71725256
000181.jpg 1163.25473 0 978.5 0 1156.2804 545.5 0 0 1 -0.773674539 -0.18313215 0.60653963 0.0734159412 0.924955546 0.372917334 -0.629315348 0.333046324 -0.702169736 0.702541425 -0.958902269 3.95806674
000183.jpg 1163.25473 0 978.5 0 1156.2804 545.5 0 0 1 -0.477352088 -0.186674378 0.858654564 0.169782052 0.939166163 0.298564856 -0.862153721 0.288304692 -0.41661897 -0.243846291 -1.11934116 4.14470232
000185.jpg 1163.25473 0 978.5 0 1156.2804 545.5 0 0 1 -0.342412317 -0.150357392 0.927440812 0.236086377 0.941671807 0.23982792 -0.909404766 0.301076175 -0.286942693 -0.146548406 -1.33491498 4.2839034
000187.jpg 1163.25473 0 978.5 0 1156.2804 545.5 0 0 1 -0.202375623 -0.121737185 0.971711976 0.270078572 0.94682564 0.174867874 -0.941329736 0.297827578 -0.158735824 -0.0520120074 -1.41520542 4.27130439
000189.jpg 1163.25473 0 978.5 0 1156.2804 545.5 0 0 1 0.127935219 -0.103899228 0.986325266 0.280565356 0.957666081 0.0644884386 -0.951270551 0.268478357 0.151669744 -0.811754419 -1.41586373 4.0743649
000191.jpg 1163.25473 0 978.5 0 1156.2804 545.5 0 0 1 0.478988326 -0.0512381908 0.876324615 0.23722866 0.968705151 -0.0730266595 -0.845158415 0.242868231 0.476153627 -1.59932747 -1.2862831 3.59422216
000193.jpg 1163.25473 0 978.5 0 1156.2804 545.5 0 0 1 0.660508684 0.00859237994 0.750769239 0.154467872 0.97698904 -0.147078525 -0.734757072 0.21311637 0.643982498 -1.77176395 -1.11873134 3.25436944
000195.jpg 1163.25473 0 978.5 0 1156.2804 545.5 0 0 1 0.592385027 -0.0143588065 0.805527035 0.127554271 0.988901983 -0.076175951 -0.795493487 0.147873906 0.587642255 -0.810704898 -1.04880858 3.4591711
000197.jpg 1163.25473 0 978.5 0 1156.2804 545.5 0 0 1 0.569872301 -0.0588121344 0.819625947 0.0853792662 0.996274747 0.012124757 -0.817285716 0.0630694987 0.57277072 -0.0402988392 -0.78359344 3.39880005
000199.jpg 1163.25473 0 978.5 0 1156.2804 545.5 0 0 1 0.624507516 -0.0974063051 0.774920883 0.0973377862 0.994163572 0.0465203894 -0.774929492 0.0463767504 0.630343937 0.218859703 -0.786075726 3.62467871
000201.jpg 1163.25473 0 978.5 0 1156.2804 545.5 0 0 1 0.804990818 -0.0887307301 0.586614559 0.093704935 0.995357603 0.0219687603 -0.585840565 0.0372840287 0.809568239 -0.843442951 -0.921459565 4.20218099
000203.jpg 1163.25473 0 978.5 0 1156.2804 545.5 0 0 1 0.982932575 -0.0385524104 0.179881253 0.0476624839 0.997775923 -0.0465993042 -0.177684667 0.0543775613 0.982583961 -2.60445111 -0.924559295 3.29114639
000205.jpg 1163.25473 0 978.5 0 1156.2804 545.5 0 0 1 0.989370965 0.0389955609 -0.14008726 -0.0474104915 0.997233978 -0.057241932 0.137467594 0.0632751114 0.988483141 -2.97359252 -0.526713801 2.15752282
000207.jpg 1163.25473 0 978.5 0 1156.2804 545.5 0 0 1 0.997073617 0.0390686965 0.0657102732 -0.0355566601 0.99791883 -0.0537934194 -0.0676751577 0.0512995614 0.99638769 -1.74665699 -0.474455783 2.41690695
000209.jpg 1163.25473 0 978.5 0 1156.2804 545.5 0 0 1 0.993658784 -0.0018682073 0.112422106 0.00579258237 0.999384765 -0.0345909943 -0.112288317 0.0350228597 0.993058273 -0.864986545 -0.511937298 2.52956853
000211.jpg 1163.25473 0 978.5 0 1156.2804 545.5 0 0 1 0.999524643 0.00199904048 -0.0307651197 -0.00167250856 0.99994204 0.0106357818 0.0307845979 -0.0105792711 0.999470053 -0.404323899 -0.406973733 2.59376374
000213.jpg 1163.25473 0 978.5 0 1156.2804 545.5 0 0 1 0.996912527 -0.00951677705 -0.0779412933 0.00972801236 0.999949965 0.00233094036 0.0779152105 -0.0030819575 0.996955225 0.116365405 -0.370325453 2.45480889
000215.jpg 1163.25473 0 978.5 0 1156.2804 545.5 0 0 1 0.979285699 0.00203282013 -0.202473179 -0.00226517082 0.999997015 -0.000915851302 0.202470713 0.00135551642 0.97928738 0.4329899 -0.334280868 2.2097085
000217.jpg 1163.25473 0 978.5 0 1156.2804 545.5 0 0 1 0.999801492 -0.0180591987 -0.00841672553 0.0180127864 0.999822309 -0.00555786599 0.00851560056 0.00540515403 0.999949133 1.35938012 -0.249505 1.76223209
000219.jpg 1163.25473 0 978.5 0 1156.2804 545.5 0 0 1 0.999268358 -0.023258687 -0.0303608533 0.023134691 0.999722546 -0.004429029 0.030455443 0.00372339958 0.99952919 1.82932393 -0.150249752 1.49755514
000221.jpg 1163.25473 0 978.5 0 1156.2804 545.5 0 0 1 0.908269213 0.0188633792 -0.417960775 -0.0191606307 0.999810343 0.0034854722 0.417947253 0.00484264498 0.908458388 1.57545965 -0.272173951 2.38582104
000223.jpg 1163.25473 0 978.5 0 1156.2804 545.5 0 0 1 0.723209127 0.086499501 -0.685190773 -0.098438854 0.99490653 0.0216976664 0.683577612 0.0517574441 0.728040394 0.882090815 -0.611390935 3.06920594
000225.jpg 1163.25473 0 978.5 0 1156.2804 545.5 0 0 1 0.512614669 0.112659307 -0.851195678 -0.153346845 0.987428358 0.0383403639 0.844814149 0.110874338 0.52344621 0.632216111 -0.773112527 3.43877668
000227.jpg 1163.25473 0 978.5 0 1156.2804 545.5 0 0 1 0.249044851 0.125030979 -0.960387378 -0.233848622 0.970054169 0.0656485381 0.939835881 0.208235835 0.270825318 0.229774232 -1.09429777 3.99637787
000229.jpg 1163.25473 0 978.5 0 1156.2804 545.5 0 0 1 0.100214022 0.149251792 -0.983707808 -0.27222048 0.955073809 0.117175209 0.957002173 0.256042813 0.136341183 0.344811278 -1.20606317 4.13115894
000231.jpg 1163.25473 0 978.5 0 1156.2804 545.5 0 0 1 -0.203711592 0.140843965 -0.968847029 -0.292511569 0.9356402 0.197520627 0.934311816 0.323636206 -0.149402266 -0.240308087 -1.04737962 3.83283444
000233.jpg 1163.25473 0 978.5 0 1156.2804 545.5 0 0 1 -0.661285992 0.0869446529 -0.74507816 -0.236793151 0.918279704 0.317319063 0.711779348 0.386268057 -0.586657607 -1.47465697 -0.908057172 3.31947147
000235.jpg 1163.25473 0 978.5 0 1156.2804 545.5 0 0 1 -0.858628298 0.070708388 -0.507698503 -0.157006446 0.906558937 0.391790595 0.487961497 0.416114429 -0.767295484 -1.87987794 -0.774078765 2.84420486
000237.jpg 1163.25473 0 978.5 0 1156.2804 545.5 0 0 1 -0.76803768 0.115788624 -0.629850075 -0.175283886 0.907952524 0.380654401 0.615949415 0.402759492 -0.67704587 -1.48086271 -0.776821322 2.90214941
000239.jpg 1163.25473 0 978.5 0 1156.2804 545.5 0 0 1 -0.589358317 0.159441245 -0.791981859 -0.210603453 0.91611183 0.341152899 0.779937793 0.367855412 -0.506339249 -0.459492668 -0.872045845 3.35778453
000241.jpg 1163.25473 0 978.5 0 1156.2804 545.5 0 0 1 -0.78115996 0.0825502266 -0.618849398 -0.192973183 0.910758909 0.365074732 0.593759605 0.404603101 -0.695518413 -0.62331227 -0.994691284 3.53334316
000243.jpg 1163.25473 0 978.5 0 1156.2804 545.5 0 0 1 -0.908042072 0.0487704475 -0.416030094 -0.135462723 0.905638353 0.401832084 0.39637034 0.421237008 -0.815751149 -0.803496529 -1.0641554 3.69314031
000245.jpg 1163.25473 0 978.5 0 1156.2804 545.5 0 0 1 -0.93232772 0.0538631139 -0.357580463 -0.100232737 0.911606551 0.398656362 0.347445565 0.407519646 -0.84451721 -0.352878474 -1.08477043 4.02421597
000247.jpg 1163.25473 0 978.5 0 1156.2804 545.5 0 0 1 -0.946596316 0.0342331527 -0.320598669 -0.0919772933 0.924358163 0.370273094 0.309023612 0.379986944 -0.871845359 0.202246121 -1.04968645 4.41198528
000249.jpg 1163.25473 0 978.5 0 1156.2804 545.5 0 0 1 -0.97561634 -0.00809943928 -0.219333437 -0.086706525 0.932257078 0.35125307 0.201630196 0.361705874 -0.910227512 0.356357185 -1.06652696 4.96225011
000251.jpg 1163.25473 0 978.5 0 1156.2804 545.5 0 0 1 -0.996880082 -0.0657737548 -0.0436338807 -0.0767441377 0.936917288 0.341022481 0.0184510082 0.343307163 -0.939041933 -0.225826211 -1.05850845 5.25607222
