44
IMG_6292.jpg 1035.4966 0 666 0 1034.97186 438 0 0 1 0.540820925 0.00374615485 0.841129415 -0.840451005 0.0428073338 0.540194076 -0.033982857 -0.999076323 0.0262995615 3.12442 0.188422336 1.63034882
IMG_6299.jpg 1035.4966 0 666 0 1034.97186 438 0 0 1 0.522217138 -0.00517305428 0.852796869 -0.852808723 -0.000168390554 0.522223376 -0.00255788693 -0.999986605 -0.00449956224 5.48235796 0.0312243442 1.25845781
IMG_6307.jpg 1035.4966 0 666 0 1034.97186 438 0 0 1 0.0284482919 0.998018741 0.0561185062 -0.808786118 -0.0100099237 0.588017701 0.587414427 -0.062115968 0.806898939 -0.385355093 0.646897964 5.55333482
IMG_6315.jpg 1035.4966 0 666 0 1034.97186 438 0 0 1 -0.00793580025 0.999213697 -0.0388459863 -0.995312333 -0.0116373559 -0.0960100625 -0.0963866341 0.0379019725 0.994622068 1.16300769 -3.66937865 4.27422127
IMG_6322.jpg 1035.4966 0 666 0 1034.97186 438 0 0 1 -0.562577033 -0.0195430167 -0.826513855 -0.822219128 0.117687524 0.556871038 0.0863874295 0.992858357 -0.0822769405 -3.23980304 0.470467495 1.27642301
IMG_6330.jpg 1035.4966 0 666 0 1034.97186 438 0 0 1 -0.558600825 0.0708810108 -0.826402445 -0.702725115 -0.569723709 0.42613649 -0.44061608 0.818773948 0.368058 -1.00832356 -0.663042734 0.764689318
IMG_6336.jpg 1035.4966 0 666 0 1034.97186 438 0 0 1 -0.55082274 -0.0322149888 -0.834000302 -0.679814364 -0.562389483 0.470712757 -0.484197005 0.826244675 0.287876704 1.73998016 -1.07450265 1.05610993
IMG_6342.jpg 1035.4966 0 666 0 1034.97186 438 0 0 1 -0.504474812 -0.0530459947 -0.861795385 -0.675868976 -0.596868017 0.432376801 -0.53731396 0.80058397 0.265252739 4.10907329 -1.06765373 1.23797085
IMG_6349.jpg 1035.4966 0 666 0 1034.97186 438 0 0 1 -0.0730060985 -0.993851111 -0.0832470902 -0.863724751 0.021271838 0.50351471 -0.498647835 0.108662217 -0.859966778 1.70047594 0.589773959 4.64565647
IMG_6356.jpg 1035.4966 0 666 0 1034.97186 438 0 0 1 0.52836964 -0.105446163 0.842440876 -0.687974845 0.528272771 0.497612794 -0.497509936 -0.842501624 0.206578986 -3.07022484 -1.00623987 1.72362847
IMG_6362.jpg 1035.4966 0 666 0 1034.97186 438 0 0 1 -0.0227811116 0.999209838 0.0325686909 -0.999421096 -0.0235851329 0.0245196616 0.025268424 -0.0319912516 0.999168688 -1.52968364 0.545112962 -1.34551854
IMG_6368.jpg 1035.4966 0 666 0 1034.97186 438 0 0 1 0.510240157 -0.045951995 0.858803468 -0.628278178 0.66199038 0.408699485 -0.58730019 -0.748102367 0.30890344 0.411060227 -0.658984214 0.364878934
IMG_6374.jpg 1035.4966 0 666 0 1034.97186 438 0 0 1 0.571365343 0.0641939793 0.818181385 -0.658521725 0.630825984 0.410375092 -0.489786467 -0.773264321 0.402705235 2.97551627 -0.90139641 0.801565492
IMG_6380.jpg 1035.4966 0 666 0 1034.97186 438 0 0 1 0.0161545596 -0.99879384 -0.0463669728 -0.468593634 -0.0485278337 0.88207996 -0.883266119 0.00747765502 -0.468812381 -1.42373301 1.06065403 -2.75877369
IMG_6386.jpg 1035.4966 0 666 0 1034.97186 438 0 0 1 0.0700118901 0.996005604 0.0554181604 -0.995281877 0.0734860826 -0.0633544068 -0.0671738077 -0.050721129 0.996451226 0.822697289 -0.171740107 -0.362086969
IMG_6394.jpg 1035.4966 0 666 0 1034.97186 438 0 0 1 0.543279469 -0.0531004483 0.837870969 -0.838951392 0.00340346128 0.544195717 -0.0317486979 -0.998583376 -0.0426996644 4.35160179 -0.811065458 -0.447451475
IMG_6401.jpg 1035.4966 0 666 0 1034.97186 438 0 0 1 -0.389371829 -0.762648615 -0.516484917 -0.82647522 0.0417488134 0.561422966 -0.406605815 0.645464273 -0.646565994 -0.44012914 -0.740597299 -0.33319736
IMG_6408.jpg 1035.4966 0 666 0 1034.97186 438 0 0 1 -0.557908837 -0.0120546566 -0.829814687 -0.829898512 0.0111013777 0.557803926 0.00248795145 0.999865713 -0.0161976983 -0.62141451 -0.799912039 0.521860706
IMG_6414.jpg 1035.4966 0 666 0 1034.97186 438 0 0 1 -0.0737096586 0.996610472 -0.0365301786 -0.382938311 0.00553753737 0.92375732 0.920828505 0.0820786415 0.381232161 0.0841729228 -0.2867167 0.904153509
IMG_6423.jpg 1035.4966 0 666 0 1034.97186 438 0 0 1 -0.300133559 0.825176368 -0.478543424 -0.714204689 0.1381567 0.686166443 0.632322314 0.547719534 0.54787937 -0.177379729 -0.634345665 0.886283916
IMG_6434.jpg 1035.4966 0 666 0 1034.97186 438 0 0 1 -0.548556807 -0.115745823 -0.828063001 -0.829421673 0.200378337 0.521448185 0.105570438 0.972857352 -0.205920995 3.07576754 0.000252622138 0.683596652
IMG_6440.jpg 1035.4966 0 666 0 1034.97186 438 0 0 1 0.0633034907 0.997256466 0.0383693689 -0.36001642 -0.0130385275 0.932854852 0.930795813 -0.0728665713 0.358203318 -0.185773259 -2.12472408 -2.03163317
IMG_6446.jpg 1035.4966 0 666 0 1034.97186 438 0 0 1 0.474361897 -0.541879203 0.693792274 -0.408845562 0.562349699 0.718754564 -0.779632026 -0.624603671 0.0452123623 -2.52435756 -1.17848507 1.80628971
IMG_6452.jpg 1035.4966 0 666 0 1034.97186 438 0 0 1 -0.0267001036 -0.998964122 -0.0368481773 -0.816502873 0.000527289173 0.57734113 -0.576723646 0.0455017106 -0.815671154 -0.227027197 0.262459201 -0.852794696
IMG_6459.jpg 1035.4966 0 666 0 1034.97186 438 0 0 1 -0.0612964529 -0.994250711 -0.0877967453 -0.817021774 -0.000546785939 0.576606557 -0.573339485 0.107075789 -0.812290964 -0.437553367 0.414902647 -4.44533705
IMG_6466.jpg 1035.4966 0 666 0 1034.97186 438 0 0 1 -0.50383242 0.0390844636 -0.862916738 -0.861444025 -0.0964882193 0.498602262 -0.0637736976 0.994566452 0.0822829707 -4.39720492 0.507302119 -0.146701623
IMG_6477.jpg 1035.4966 0 666 0 1034.97186 438 0 0 1 0.386944128 0.707048269 0.591909611 -0.902413482 0.158420749 0.400690371 0.189536669 -0.689191999 0.699349869 0.467353054 0.583823744 0.618101141
IMG_6485.jpg 1035.4966 0 666 0 1034.97186 438 0 0 1 0.806899363 -0.00253826911 -0.590683482 0.00080331981 -0.999985127 0.00539447894 -0.590688389 -0.00482730936 -0.806885323 0.00375174732 1.8136196 3.8612257
IMG_6491.jpg 1035.4966 0 666 0 1034.97186 438 0 0 1 0.839664798 0.141836544 -0.524257019 -0.497884094 -0.184601509 -0.847368699 -0.216966484 0.972524898 -0.0843852297 -0.138874086 5.34674945 0.974139474
IMG_6498.jpg 1035.4966 0 666 0 1034.97186 438 0 0 1 0.818376112 0.0821315024 -0.568783751 -0.474386174 -0.462098439 -0.749281517 -0.3243737 0.883017242 -0.339208275 -0.411795124 -3.31254737 -1.81318888
IMG_6504.jpg 1035.4966 0 666 0 1034.97186 438 0 0 1 0.731668242 0.0515540074 -0.679708591 -0.251856673 -0.906133981 -0.339837351 -0.633427028 0.419837341 -0.650005236 -0.937686558 -2.5717945 -3.35520015
IMG_6510.jpg 1035.4966 0 666 0 1034.97186 438 0 0 1 0.941659478 0.0167477262 -0.336150177 -0.0453914189 0.995955826 -0.0775345848 0.333492199 0.0882695101 0.938611446 0.793599208 0.352739212 4.2744165
IMG_6516.jpg 1035.4966 0 666 0 1034.97186 438 0 0 1 0.845265863 0.0814578838 -0.528100591 -0.50343363 0.452677475 -0.735960382 0.179109467 0.887945785 0.423641455 -0.267789079 1.09527979 -0.794252692
IMG_6523.jpg 1035.4966 0 666 0 1034.97186 438 0 0 1 0.970426693 0.0329017785 -0.239143278 0.0351751385 0.960820661 0.274929751 0.23881948 -0.275211067 0.931248691 -1.22295306 0.411539033 -3.38461035
IMG_6529.jpg 1035.4966 0 666 0 1034.97186 438 0 0 1 0.67697934 -0.60226532 -0.42305491 0.565429079 0.0576189447 0.822781875 -0.471157012 -0.796213879 0.37954516 -0.429932705 -5.10189788 -0.974370372
IMG_6536.jpg 1035.4966 0 666 0 1034.97186 438 0 0 1 0.807484423 -0.0089982724 -0.589820259 -0.546752752 -0.386745399 -0.742623339 -0.221427944 0.922142629 -0.317210715 -0.025604074 3.42325397 1.3906532
IMG_6543.jpg 1035.4966 0 666 0 1034.97186 438 0 0 1 0.634958653 -0.230860475 -0.737245516 0.337101336 -0.775866751 0.533285546 -0.695118838 -0.58714072 -0.414819932 0.509843804 -2.4646861 1.64464807
IMG_6550.jpg 1035.4966 0 666 0 1034.97186 438 0 0 1 -0.469144573 0.384558546 -0.794995657 -0.846887246 -0.451124297 0.281547263 -0.25037045 0.805358053 0.537320244 2.79334927 -0.387596254 0.934935396
IMG_6556.jpg 1035.4966 0 666 0 1034.97186 438 0 0 1 -0.393688544 0.663362747 -0.636364044 -0.839943118 0.021687441 0.542240918 0.373503532 0.747983637 0.548648877 2.14038841 0.228940992 0.471374999
IMG_6562.jpg 1035.4966 0 666 0 1034.97186 438 0 0 1 0.353270138 0.737057703 0.576147683 -0.759662933 -0.133424739 0.636482574 0.545996738 -0.662528325 0.51278044 -2.08502028 0.235044089 -0.186413655
IMG_6569.jpg 1035.4966 0 666 0 1034.97186 438 0 0 1 -0.418907749 0.596755849 -0.684396636 -0.799403815 0.115102887 0.589665046 0.430662094 0.794124538 0.428831411 -3.92624906 0.869546055 5.09084983
IMG_6576.jpg 1035.4966 0 666 0 1034.97186 438 0 0 1 0.420005148 0.673803905 0.607934185 -0.858344386 0.512463694 0.0250175476 -0.294687277 -0.532324393 0.793593189 3.55223434 -2.77575472 4.09645082
IMG_6583.jpg 1035.4966 0 666 0 1034.97186 438 0 0 1 0.619793488 0.0223358926 0.784447028 -0.583838967 0.68106996 0.441900181 -0.524393071 -0.731877597 0.43516329 -1.32733428 -0.321030932 1.01614116
IMG_6591.jpg 1035.4966 0 666 0 1034.97186 438 0 0 1 0.11685335 -0.992722632 -0.0291044843 -0.305903773 -0.0638574824 0.949918472 -0.944864105 -0.102097984 -0.311139559 -0.0567219704 -2.79168868 4.37243498
