240
DSCF5857.JPG 3192.87806 0 1557.5 0 3192.68913 1038 0 0 1 0.540378247 -0.460454115 0.70425376 0.422272114 0.872352476 0.246348167 -0.727789539 0.164265533 0.665837234 -0.358162196 -2.36449707 2.29190735
DSCF5858.JPG 3192.87806 0 1557.5 0 3192.68913 1038 0 0 1 0.532508034 -0.481266991 0.696288214 0.445516845 0.858816341 0.252881858 -0.719687387 0.175546507 0.671739152 -0.33024405 -2.32797359 2.29961464
DSCF5859.JPG 3192.87806 0 1557.5 0 3192.68913 1038 0 0 1 0.52805709 -0.462579694 0.712162718 0.445230813 0.864925744 0.231674299 -0.723135695 0.19473953 0.662684904 -0.372681338 -2.16372624 2.37397472
DSCF5860.JPG 3192.87806 0 1557.5 0 3192.68913 1038 0 0 1 0.517922317 -0.451466812 0.7265908 0.472583409 0.85901205 0.196883772 -0.713036742 0.241404258 0.658257236 -0.353686274 -2.09381316 2.36009615
DSCF5861.JPG 3192.87806 0 1557.5 0 3192.68913 1038 0 0 1 0.509847824 -0.43856939 0.74007573 0.464772581 0.864355798 0.192029951 -0.723907207 0.246060854 0.644524951 -0.373071028 -1.87007172 2.45575473
DSCF5862.JPG 3192.87806 0 1557.5 0 3192.68913 1038 0 0 1 0.496916349 -0.432744183 0.752201179 0.472638999 0.861912393 0.183628439 -0.727795657 0.264271638 0.632830137 -0.399980852 -1.70522669 2.52001018
DSCF5863.JPG 3192.87806 0 1557.5 0 3192.68913 1038 0 0 1 0.456081286 -0.440272501 0.773401568 0.499428284 0.845923969 0.187040178 -0.736587571 0.300953093 0.605694631 -0.326061898 -1.57663167 2.61325549
DSCF5864.JPG 3192.87806 0 1557.5 0 3192.68913 1038 0 0 1 0.427353727 -0.46879315 0.773047071 0.542965987 0.816765958 0.195144323 -0.722880854 0.336342612 0.603586712 -0.32863647 -1.50054318 2.65619857
DSCF5865.JPG 3192.87806 0 1557.5 0 3192.68913 1038 0 0 1 0.371187812 -0.507191564 0.77780224 0.568755786 0.786310522 0.241314358 -0.733986692 0.352806576 0.580337019 -0.317577431 -1.38266321 2.74549801
DSCF5866.JPG 3192.87806 0 1557.5 0 3192.68913 1038 0 0 1 0.342263975 -0.49381115 0.799378458 0.546926311 0.796483149 0.257849189 -0.764020276 0.348948623 0.542685799 -0.415040469 -1.43982613 2.77914342
DSCF5867.JPG 3192.87806 0 1557.5 0 3192.68913 1038 0 0 1 0.315140521 -0.510564364 0.800006551 0.53230856 0.792970966 0.296385973 -0.785706083 0.332447105 0.521675065 -0.45776162 -1.57027431 2.83400735
DSCF5868.JPG 3192.87806 0 1557.5 0 3192.68913 1038 0 0 1 0.288458081 -0.519761425 0.804139289 0.469386495 0.808762182 0.354372757 -0.834546735 0.275230437 0.477262981 -0.440395357 -1.50111398 3.04688117
DSCF5869.JPG 3192.87806 0 1557.5 0 3192.68913 1038 0 0 1 0.265306591 -0.514497742 0.815416756 0.423852789 0.821857706 0.380655651 -0.866003018 0.244626213 0.436115569 -0.408349527 -1.52003334 3.2344989
DSCF5870.JPG 3192.87806 0 1557.5 0 3192.68913 1038 0 0 1 0.245398731 -0.525022626 0.814942148 0.393913082 0.822122469 0.411031787 -0.885783239 0.220149694 0.408561091 -0.375534275 -1.57434896 3.39775922
DSCF5871.JPG 3192.87806 0 1557.5 0 3192.68913 1038 0 0 1 0.226827453 -0.539952518 0.810555726 0.392439155 0.812366427 0.4313378 -0.89137019 0.22025455 0.396165518 -0.343712852 -1.75926609 3.49091544
DSCF5872.JPG 3192.87806 0 1557.5 0 3192.68913 1038 0 0 1 0.204975162 -0.556748585 0.804994532 0.373610925 0.804687183 0.461403744 -0.904654663 0.206178444 0.372948239 -0.324032254 -1.86115714 3.57384725
DSCF5873.JPG 3192.87806 0 1557.5 0 3192.68913 1038 0 0 1 0.186065688 -0.56234338 0.805698134 0.349863563 0.804189653 0.480494006 -0.918136726 0.192480972 0.346375559 -0.346244754 -1.96946469 3.63210168
DSCF5874.JPG 3192.87806 0 1557.5 0 3192.68913 1038 0 0 1 0.128303171 -0.554130175 0.822482854 0.361132595 0.798502864 0.48163931 -0.92364579 0.235229517 0.302564917 -0.237585134 -2.25199347 3.59196133
DSCF5875.JPG 3192.87806 0 1557.5 0 3192.68913 1038 0 0 1 0.0786231011 -0.544262564 0.835222527 0.365644585 0.795170586 0.483743503 -0.927427865 0.26736118 0.261525437 -0.256973199 -2.43612328 3.58455127
DSCF5876.JPG 3192.87806 0 1557.5 0 3192.68913 1038 0 0 1 0.0342468133 -0.53542434 0.843888578 0.394661913 0.783003422 0.480778136 -0.91818796 0.316585562 0.238126966 -0.390063957 -2.63875122 3.45843101
DSCF5877.JPG 3192.87806 0 1557.5 0 3192.68913 1038 0 0 1 -0.0108509859 -0.53855071 0.842523227 0.446573846 0.751268273 0.485970969 -0.89468098 0.381522102 0.23235066 -0.550825406 -2.69492537 3.25443597
DSCF5878.JPG 3192.87806 0 1557.5 0 3192.68913 1038 0 0 1 -0.0664369632 -0.541414144 0.838126992 0.484570911 0.716769412 0.501430596 -0.872225408 0.439445486 0.214733562 -0.534929601 -2.58022813 3.14614559
DSCF5879.JPG 3192.87806 0 1557.5 0 3192.68913 1038 0 0 1 -0.143863206 -0.561919633 0.814585603 0.542097991 0.643906394 0.539920664 -0.827908899 0.519259937 0.211981066 -0.371979913 -2.55058152 2.93853306
DSCF5880.JPG 3192.87806 0 1557.5 0 3192.68913 1038 0 0 1 -0.215957097 -0.570538224 0.792369022 0.552803672 0.597485133 0.580878315 -0.804841993 0.563469299 0.18636447 -0.19843446 -2.36418714 2.8658068
DSCF5881.JPG 3192.87806 0 1557.5 0 3192.68913 1038 0 0 1 -0.227843774 -0.549170933 0.804051305 0.541011376 0.615172164 0.573471795 -0.809564022 0.565662881 0.156944575 -0.121394152 -2.0410492 2.88025455
DSCF5882.JPG 3192.87806 0 1557.5 0 3192.68913 1038 0 0 1 -0.205526928 -0.585679715 0.784052264 0.506774881 0.621683236 0.597234606 -0.837220343 0.520085787 0.169035122 -0.0945251914 -1.60419029 2.92033577
DSCF5883.JPG 3192.87806 0 1557.5 0 3192.68913 1038 0 0 1 -0.227627396 -0.611996875 0.757393949 0.512375921 0.586148587 0.627615129 -0.82804389 0.530932819 0.180148986 -0.0149078538 -1.43964651 2.93231274
DSCF5884.JPG 3192.87806 0 1557.5 0 3192.68913 1038 0 0 1 -0.314487672 -0.614702091 0.723352503 0.48342564 0.552087105 0.679337529 -0.816943789 0.563330425 0.123538163 0.0600761161 -1.20665384 3.06863856
DSCF5885.JPG 3192.87806 0 1557.5 0 3192.68913 1038 0 0 1 -0.412370702 -0.625744582 0.662113375 0.426358312 0.50972145 0.74726343 -0.805089432 0.590447086 0.0565972113 0.0880447932 -0.971640058 3.1986764
DSCF5886.JPG 3192.87806 0 1557.5 0 3192.68913 1038 0 0 1 -0.442090042 -0.597092613 0.669355515 0.3597009 0.565593436 0.742104661 -0.821688297 0.568844862 -0.0352684759 0.0366759063 -0.789167087 3.32643634
DSCF5887.JPG 3192.87806 0 1557.5 0 3192.68913 1038 0 0 1 -0.452228199 -0.581140239 0.67658383 0.319834888 0.602468388 0.731257469 -0.832583509 0.547090362 -0.0865842711 0.0268062234 -0.849397081 3.34696496
DSCF5888.JPG 3192.87806 0 1557.5 0 3192.68913 1038 0 0 1 -0.457006278 -0.579295857 0.674953015 0.276052121 0.628984695 0.726755447 -0.845541536 0.518454013 -0.127534104 0.0482038315 -0.889617037 3.40429036
DSCF5889.JPG 3192.87806 0 1557.5 0 3192.68913 1038 0 0 1 -0.43765809 -0.574765922 0.691447418 0.274031188 0.647158872 0.711401646 -0.856365754 0.500828843 -0.125730527 -0.0156936209 -1.07332145 3.43317177
DSCF5890.JPG 3192.87806 0 1557.5 0 3192.68913 1038 0 0 1 -0.417898224 -0.566349856 0.7103583 0.297112589 0.653712729 0.695976851 -0.858536652 0.501903884 -0.104915717 -0.0878127039 -1.34940998 3.41910256
DSCF5891.JPG 3192.87806 0 1557.5 0 3192.68913 1038 0 0 1 -0.401127516 -0.561539244 0.723719831 0.335645786 0.645018009 0.686508321 -0.852313688 0.518290889 -0.0702561906 -0.169626705 -1.66348083 3.3370088
DSCF5892.JPG 3192.87806 0 1557.5 0 3192.68913 1038 0 0 1 -0.391107339 -0.536861582 0.74753909 0.356985203 0.660154354 0.660876534 -0.848290407 0.525334057 -0.0665395722 -0.262733772 -1.87823178 3.28296869
DSCF5893.JPG 3192.87806 0 1557.5 0 3192.68913 1038 0 0 1 -0.391736665 -0.509345655 0.766230637 0.389294462 0.662815756 0.639628873 -0.833661926 0.548855426 -0.0613637908 -0.344129724 -2.1509138 3.18709903
DSCF5894.JPG 3192.87806 0 1557.5 0 3192.68913 1038 0 0 1 -0.392122843 -0.481574268 0.783789449 0.407582416 0.672880573 0.617339703 -0.824691609 0.561531797 -0.0675706391 -0.460031282 -2.36765619 3.10667854
DSCF5895.JPG 3192.87806 0 1557.5 0 3192.68913 1038 0 0 1 -0.439508439 -0.451940396 0.776261689 0.453671348 0.634189311 0.626088034 -0.775251339 0.627338662 -0.0736991454 -0.531801225 -2.70869689 2.84041099
DSCF5896.JPG 3192.87806 0 1557.5 0 3192.68913 1038 0 0 1 -0.536154488 -0.460902863 0.707182378 0.424484506 0.576924346 0.69783322 -0.72962406 0.674334375 -0.113674453 -0.51520474 -2.89352439 2.76663247
DSCF5897.JPG 3192.87806 0 1557.5 0 3192.68913 1038 0 0 1 -0.604649986 -0.435429328 0.666933051 0.461059354 0.491442087 0.738856514 -0.649478766 0.754245302 -0.0963916861 -0.479486496 -3.13837189 2.56928231
DSCF5898.JPG 3192.87806 0 1557.5 0 3192.68913 1038 0 0 1 -0.602656227 -0.467689746 0.6465847 0.452902479 0.466658095 0.759677278 -0.657027257 0.750664055 -0.0694165615 -0.543908335 -2.97585288 2.55833046
DSCF5899.JPG 3192.87806 0 1557.5 0 3192.68913 1038 0 0 1 -0.673135332 -0.424485995 0.605557979 0.482046602 0.36912649 0.794592164 -0.560820737 0.826775226 -0.0438500508 -0.289842521 -3.07224083 2.35764052
DSCF5900.JPG 3192.87806 0 1557.5 0 3192.68913 1038 0 0 1 -0.729997562 -0.417887332 0.540808411 0.447479906 0.305862565 0.840362913 -0.516590063 0.855463774 -0.0362827424 -0.145293271 -3.0814409 2.32053636
DSCF5901.JPG 3192.87806 0 1557.5 0 3192.68913 1038 0 0 1 -0.716415507 -0.419350294 0.55757883 0.475423441 0.291472008 0.83007025 -0.510608825 0.859761245 -0.00944610678 -0.210062829 -2.99438407 2.32245124
DSCF5902.JPG 3192.87806 0 1557.5 0 3192.68913 1038 0 0 1 -0.69158871 -0.439228333 0.573396484 0.485469395 0.305135788 0.819275056 -0.534812605 0.844967823 0.00220344682 -0.226070181 -2.79209942 2.39617978
DSCF5903.JPG 3192.87806 0 1557.5 0 3192.68913 1038 0 0 1 -0.710928835 -0.444808114 0.544725558 0.450711438 0.306408746 0.83843478 -0.539851268 0.841581501 -0.0173547077 -0.017311892 -2.56236152 2.48856712
DSCF5904.JPG 3192.87806 0 1557.5 0 3192.68913 1038 0 0 1 -0.717552115 -0.442621262 0.537778189 0.436217789 0.316337248 0.84240417 -0.54298527 0.839057306 -0.033909193 0.037184651 -2.32740053 2.57728634
DSCF5905.JPG 3192.87806 0 1557.5 0 3192.68913 1038 0 0 1 -0.720304468 -0.445393965 0.531775977 0.418894815 0.33174871 0.84526323 -0.552891136 0.83160508 -0.0523868552 0.0573619604 -2.09639965 2.68602126
DSCF5906.JPG 3192.87806 0 1557.5 0 3192.68913 1038 0 0 1 -0.736636237 -0.447622806 0.506952539 0.386480996 0.336514465 0.85871442 -0.554977021 0.828487681 -0.074891041 0.116403119 -1.8426947 2.81652415
DSCF5907.JPG 3192.87806 0 1557.5 0 3192.68913 1038 0 0 1 -0.767921319 -0.443198788 0.462462627 0.341705323 0.327226821 0.880999478 -0.541788076 0.834564223 -0.0998410668 0.136484327 -1.60615785 2.9008223
DSCF5908.JPG 3192.87806 0 1557.5 0 3192.68913 1038 0 0 1 -0.852812873 -0.417439763 0.313774198 0.182834145 0.324148483 0.928169939 -0.48916447 0.84892391 -0.200115757 0.32337375 -1.30702474 3.03361425
DSCF5909.JPG 3192.87806 0 1557.5 0 3192.68913 1038 0 0 1 -0.895080557 -0.389053703 0.217871549 0.0768936596 0.346613832 0.934850906 -0.439224499 0.853519811 -0.280331539 0.376626815 -1.32452317 3.20293403
DSCF5910.JPG 3192.87806 0 1557.5 0 3192.68913 1038 0 0 1 -0.910315114 -0.337889218 0.239075865 0.0728400476 0.437810173 0.896111924 -0.407456403 0.833158525 -0.373933351 0.358959551 -1.33926661 3.4284799
DSCF5911.JPG 3192.87806 0 1557.5 0 3192.68913 1038 0 0 1 -0.911957675 -0.316069896 0.261597056 0.086261133 0.47564031 0.875400087 -0.401113719 0.820893487 -0.406499284 0.292593901 -1.46604521 3.47939422
DSCF5912.JPG 3192.87806 0 1557.5 0 3192.68913 1038 0 0 1 -0.913398621 -0.315186313 0.257605408 0.0974207272 0.445185909 0.890122861 -0.395236841 0.838133101 -0.375926516 0.291867727 -1.82549309 3.39677108
DSCF5913.JPG 3192.87806 0 1557.5 0 3192.68913 1038 0 0 1 -0.915864245 -0.298386396 0.268622864 0.114675162 0.446778656 0.887264583 -0.384762644 0.843418278 -0.374971088 0.288737251 -2.0139187 3.3779046
DSCF5914.JPG 3192.87806 0 1557.5 0 3192.68913 1038 0 0 1 -0.907354865 -0.302349457 0.292047865 0.138400294 0.441146425 0.886699042 -0.396928845 0.8449702 -0.358431101 0.158693896 -2.25339161 3.35415766
DSCF5915.JPG 3192.87806 0 1557.5 0 3192.68913 1038 0 0 1 -0.910551333 -0.291379178 0.293248094 0.143225135 0.443072643 0.88497073 -0.387792252 0.847811776 -0.361707564 0.130305915 -2.40218735 3.32295096
DSCF5916.JPG 3192.87806 0 1557.5 0 3192.68913 1038 0 0 1 -0.905501288 -0.292406525 0.307515597 0.164081321 0.427049603 0.889216485 -0.391337116 0.855644237 -0.338715516 -0.00354906184 -2.63902606 3.21419213
DSCF5917.JPG 3192.87806 0 1557.5 0 3192.68913 1038 0 0 1 -0.921026474 -0.272038562 0.278756622 0.15268695 0.406228886 0.900924407 -0.358325172 0.872337729 -0.33261082 0.0476374133 -2.82635445 3.12891373
DSCF5918.JPG 3192.87806 0 1557.5 0 3192.68913 1038 0 0 1 -0.967207847 -0.199647205 0.157003105 0.0713643547 0.379632174 0.922380909 -0.2437542 0.903338478 -0.352935524 0.41843068 -3.03208533 3.06675992
DSCF5919.JPG 3192.87806 0 1557.5 0 3192.68913 1038 0 0 1 -0.993895767 -0.109324494 0.0148107769 -0.0142145385 0.260028818 0.965496225 -0.109403615 0.959392083 -0.259995539 0.7956313 -3.5470999 2.75051179
DSCF5920.JPG 3192.87806 0 1557.5 0 3192.68913 1038 0 0 1 -0.995483924 -0.0947299519 -0.00616383021 -0.0260860039 0.210542459 0.977236611 -0.0912758292 0.972984126 -0.212062759 0.676884251 -3.69047219 2.72888676
DSCF5921.JPG 3192.87806 0 1557.5 0 3192.68913 1038 0 0 1 -0.995366224 -0.0960021417 0.00544696013 -0.0105456453 0.165293254 0.98618808 -0.0955765136 0.981560864 -0.165539726 0.604701249 -3.68994254 2.6596733
DSCF5922.JPG 3192.87806 0 1557.5 0 3192.68913 1038 0 0 1 -0.99694095 -0.0758379805 -0.0189035039 -0.0310177619 0.161897418 0.986319991 -0.0717400877 0.983889133 -0.16375449 0.711867823 -3.52293564 2.79311762
DSCF5923.JPG 3192.87806 0 1557.5 0 3192.68913 1038 0 0 1 -0.994754799 -0.0382189352 -0.0948799351 -0.100408855 0.18785706 0.977050555 -0.0195179662 0.981452514 -0.190709232 0.940762329 -3.2147979 2.98165925
DSCF5924.JPG 3192.87806 0 1557.5 0 3192.68913 1038 0 0 1 -0.981177386 0.0232816528 -0.191700031 -0.180408809 0.243543117 0.952963489 0.068873788 0.9696106 -0.234758783 1.19864048 -2.81088496 3.19808205
DSCF5925.JPG 3192.87806 0 1557.5 0 3192.68913 1038 0 0 1 -0.975032266 0.022525739 -0.220917792 -0.20530186 0.287727732 0.935448501 0.084635844 0.957447306 -0.275919247 1.16132328 -2.49144969 3.37669616
DSCF5926.JPG 3192.87806 0 1557.5 0 3192.68913 1038 0 0 1 -0.974888464 0.0360049101 -0.219763802 -0.19576163 0.331878108 0.922786165 0.106159628 0.942634907 -0.316495759 1.2378869 -2.11413108 3.49124697
DSCF5927.JPG 3192.87806 0 1557.5 0 3192.68913 1038 0 0 1 -0.973045408 0.0392745845 -0.22724467 -0.196868169 0.371738713 0.907222824 0.120106441 0.927506246 -0.353986733 1.30794773 -1.74979618 3.63557183
DSCF5928.JPG 3192.87806 0 1557.5 0 3192.68913 1038 0 0 1 -0.965745108 0.0390859838 -0.256532008 -0.223388311 0.3778006 0.898534568 0.132038054 0.925061616 -0.356127729 1.31893356 -1.52470757 3.63987208
DSCF5929.JPG 3192.87806 0 1557.5 0 3192.68913 1038 0 0 1 -0.935877412 0.0856032878 -0.341768266 -0.286551366 0.379454354 0.879717402 0.204992158 0.921241809 -0.33059302 1.43886282 -1.28886109 3.53232323
DSCF5930.JPG 3192.87806 0 1557.5 0 3192.68913 1038 0 0 1 -0.894335546 0.0983969603 -0.436442402 -0.36811565 0.392585288 0.842833115 0.254273082 0.914436892 -0.314881517 1.43695052 -1.02683429 3.49060509
DSCF5931.JPG 3192.87806 0 1557.5 0 3192.68913 1038 0 0 1 -0.871026274 0.0757021187 -0.485368333 -0.418555397 0.402846165 0.813957214 0.257147057 0.912131655 -0.319204064 1.28882262 -1.02035907 3.4736636
DSCF5932.JPG 3192.87806 0 1557.5 0 3192.68913 1038 0 0 1 -0.856745782 0.110828892 -0.503690005 -0.421741213 0.411584746 0.807918527 0.296851838 0.904607624 -0.305882384 1.35999548 -1.17565055 3.45440567
DSCF5933.JPG 3192.87806 0 1557.5 0 3192.68913 1038 0 0 1 -0.861483379 0.141389126 -0.487704318 -0.384041603 0.44692732 0.807940603 0.332202399 0.883326149 -0.330721151 1.306892 -1.29448072 3.50718352
DSCF5934.JPG 3192.87806 0 1557.5 0 3192.68913 1038 0 0 1 -0.866499643 0.161979606 -0.472166259 -0.363552528 0.443395903 0.819286051 0.342064216 0.881568308 -0.325314296 1.2067701 -1.54609073 3.49169083
DSCF5935.JPG 3192.87806 0 1557.5 0 3192.68913 1038 0 0 1 -0.867294594 0.192209821 -0.459190017 -0.339052547 0.447309218 0.827621794 0.364476964 0.873481453 -0.322779637 1.10018226 -1.73213252 3.45134161
DSCF5936.JPG 3192.87806 0 1557.5 0 3192.68913 1038 0 0 1 -0.82135037 0.243933935 -0.515635342 -0.374460677 0.451330527 0.809987627 0.43030544 0.858368796 -0.279356829 1.32787718 -1.87659161 3.33009415
DSCF5937.JPG 3192.87806 0 1557.5 0 3192.68913 1038 0 0 1 -0.822149573 0.250729799 -0.51108184 -0.368500713 0.449907006 0.813505323 0.433909326 0.857157077 -0.277496743 1.30819194 -2.10409067 3.38792903
DSCF5938.JPG 3192.87806 0 1557.5 0 3192.68913 1038 0 0 1 -0.840249868 0.236898705 -0.487708071 -0.354940931 0.439644109 0.82506363 0.409874486 0.866367163 -0.285325857 1.16290356 -2.3620831 3.47155264
DSCF5939.JPG 3192.87806 0 1557.5 0 3192.68913 1038 0 0 1 -0.849595362 0.213014737 -0.482506417 -0.352411023 0.451377095 0.819795821 0.392420937 0.866535308 -0.308419145 1.03756971 -2.52442507 3.55375191
DSCF5940.JPG 3192.87806 0 1557.5 0 3192.68913 1038 0 0 1 -0.848362153 0.216723739 -0.483024303 -0.337344727 0.481869656 0.80870277 0.408019843 0.849018525 -0.335689369 1.0448447 -2.59091621 3.63137655
DSCF5941.JPG 3192.87806 0 1557.5 0 3192.68913 1038 0 0 1 -0.834278634 0.244158092 -0.494333883 -0.326349517 0.503971756 0.79969273 0.444381766 0.828492182 -0.340771993 1.18000123 -2.66569818 3.62906035
DSCF5942.JPG 3192.87806 0 1557.5 0 3192.68913 1038 0 0 1 -0.82620724 0.251668297 -0.504028436 -0.325607173 0.51678756 0.791776854 0.459740758 0.818287043 -0.345028621 1.19402148 -2.78202407 3.57857366
DSCF5943.JPG 3192.87806 0 1557.5 0 3192.68913 1038 0 0 1 -0.808435669 0.291902526 -0.511101442 -0.298563284 0.544968698 0.78349798 0.507239327 0.786003838 -0.353420757 1.08249926 -2.85860425 3.57705928
DSCF5944.JPG 3192.87806 0 1557.5 0 3192.68913 1038 0 0 1 -0.756794962 0.334694567 -0.561463206 -0.310939701 0.571216654 0.759623615 0.574959031 0.749460527 -0.328224058 1.07518684 -2.85105807 3.55443006
DSCF5945.JPG 3192.87806 0 1557.5 0 3192.68913 1038 0 0 1 -0.726175554 0.352135018 -0.590482848 -0.380424983 0.509595536 0.771744272 0.572665607 0.785056252 -0.236094863 1.01059032 -3.11423835 3.30517896
DSCF5946.JPG 3192.87806 0 1557.5 0 3192.68913 1038 0 0 1 -0.694320901 0.35398768 -0.626586952 -0.449726789 0.466303799 0.761778565 0.561840103 0.810711718 -0.164566732 1.04404982 -3.13998425 3.12608289
DSCF5947.JPG 3192.87806 0 1557.5 0 3192.68913 1038 0 0 1 -0.661932128 0.370388415 -0.6516581 -0.506146382 0.420377241 0.753059636 0.552866799 0.828308757 -0.0907904453 1.12016517 -3.14294908 2.96234663
DSCF5948.JPG 3192.87806 0 1557.5 0 3192.68913 1038 0 0 1 -0.652793994 0.362299942 -0.665280958 -0.513714691 0.433711991 0.740264227 0.556738016 0.825004643 -0.0970057803 1.17208092 -2.90267061 3.06194227
DSCF5949.JPG 3192.87806 0 1557.5 0 3192.68913 1038 0 0 1 -0.688819629 0.345155066 -0.637491568 -0.519047947 0.379082262 0.766084765 0.506079783 0.858582913 -0.0819672742 1.05915749 -2.90224215 2.99393955
DSCF5950.JPG 3192.87806 0 1557.5 0 3192.68913 1038 0 0 1 -0.693284308 0.352924785 -0.62833189 -0.511364393 0.373441208 0.773981991 0.507802448 0.857896124 -0.0784277606 1.11853168 -2.68796142 3.03032904
DSCF5951.JPG 3192.87806 0 1557.5 0 3192.68913 1038 0 0 1 -0.706970395 0.331697147 -0.624635784 -0.499171604 0.391646843 0.772942728 0.501019531 0.858248072 -0.111308926 1.04097764 -2.39345898 3.17547354
DSCF5952.JPG 3192.87806 0 1557.5 0 3192.68913 1038 0 0 1 -0.692652192 0.352985505 -0.628994573 -0.512587473 0.372614163 0.773571437 0.507431791 0.858230691 -0.0771560689 1.05250552 -2.28010832 3.15345521
DSCF5953.JPG 3192.87806 0 1557.5 0 3192.68913 1038 0 0 1 -0.655212139 0.36776366 -0.659884038 -0.524428329 0.407306842 0.747713892 0.543757281 0.835973102 -0.0740067057 1.04260878 -1.96472784 3.22140261
DSCF5954.JPG 3192.87806 0 1557.5 0 3192.68913 1038 0 0 1 -0.602827696 0.37432561 -0.704612736 -0.583582442 0.39535542 0.709313489 0.544086668 0.838793437 -0.019881343 1.05142764 -1.84739195 3.11320272
DSCF5955.JPG 3192.87806 0 1557.5 0 3192.68913 1038 0 0 1 -0.554748763 0.393691404 -0.732980824 -0.604089623 0.415202055 0.680208042 0.572127203 0.82013068 0.00749206572 1.11241528 -1.61598696 3.10884977
DSCF5956.JPG 3192.87806 0 1557.5 0 3192.68913 1038 0 0 1 -0.52009541 0.383768901 -0.763034858 -0.625390272 0.437340393 0.646235551 0.581711072 0.813298722 0.0125466061 1.15767878 -1.36301798 3.20228556
DSCF5957.JPG 3192.87806 0 1557.5 0 3192.68913 1038 0 0 1 -0.468789553 0.42756924 -0.772930074 -0.634389695 0.445914913 0.631434561 0.614643043 0.7863488 0.062205267 1.30615747 -1.16605897 3.19173284
DSCF5958.JPG 3192.87806 0 1557.5 0 3192.68913 1038 0 0 1 -0.478946589 0.401912831 -0.780433368 -0.61222273 0.484210462 0.625078841 0.629121208 0.777178425 0.0141492217 1.03353535 -1.17758367 3.31381348
DSCF5959.JPG 3192.87806 0 1557.5 0 3192.68913 1038 0 0 1 -0.448683272 0.37455421 -0.811413868 -0.609983617 0.535208912 0.584355549 0.653148765 0.757139726 -0.0116673539 0.908011964 -1.22214369 3.37170296
DSCF5960.JPG 3192.87806 0 1557.5 0 3192.68913 1038 0 0 1 -0.399777715 0.381777516 -0.83332089 -0.602268146 0.575931319 0.552789468 0.69097819 0.722875538 -0.000312070321 0.924922772 -1.30797739 3.38659927
DSCF5961.JPG 3192.87806 0 1557.5 0 3192.68913 1038 0 0 1 -0.380432333 0.39861997 -0.83448988 -0.584155748 0.595963946 0.550989144 0.716961157 0.697086146 0.00613219267 0.914101742 -1.41521406 3.38993822
DSCF5962.JPG 3192.87806 0 1557.5 0 3192.68913 1038 0 0 1 -0.392939886 0.426665189 -0.814588891 -0.558516494 0.592994397 0.58001463 0.730518701 0.682872214 0.00528839462 0.894281444 -1.57444905 3.42786316
DSCF5963.JPG 3192.87806 0 1557.5 0 3192.68913 1038 0 0 1 -0.413403976 0.453548518 -0.789551072 -0.51479302 0.598812952 0.61352359 0.751056123 0.660088471 -0.0140680437 0.822513003 -1.68283851 3.53862256
DSCF5964.JPG 3192.87806 0 1557.5 0 3192.68913 1038 0 0 1 -0.4003022 0.464758804 -0.789783137 -0.499484673 0.611912215 0.613252398 0.768292399 0.639970855 -0.0128099067 0.769006066 -1.7867304 3.57349415
DSCF5965.JPG 3192.87806 0 1557.5 0 3192.68913 1038 0 0 1 -0.382627564 0.503083327 -0.774921489 -0.501840462 0.591059873 0.631509602 0.775726948 0.630519939 0.02631177 0.682877657 -2.05808463 3.43790972
DSCF5966.JPG 3192.87806 0 1557.5 0 3192.68913 1038 0 0 1 -0.344674282 0.527950658 -0.776187955 -0.481855418 0.610105428 0.628956852 0.805614669 0.590795623 0.0441082348 0.719136792 -2.13313381 3.4224791
DSCF5967.JPG 3192.87806 0 1557.5 0 3192.68913 1038 0 0 1 -0.322908913 0.524035794 -0.788109333 -0.495199114 0.616086003 0.612548672 0.806540558 0.588068469 0.060562399 0.730527702 -2.33721338 3.37966159
DSCF5968.JPG 3192.87806 0 1557.5 0 3192.68913 1038 0 0 1 -0.352615195 0.524584896 -0.774902065 -0.480634006 0.608984913 0.63097411 0.802903155 0.594935343 0.0373960063 0.611381628 -2.51652878 3.40192441
DSCF5969.JPG 3192.87806 0 1557.5 0 3192.68913 1038 0 0 1 -0.351768299 0.531050548 -0.770872479 -0.443089891 0.630946994 0.636849463 0.82457893 0.565589256 0.0133559785 0.63604819 -2.57540111 3.47956384
DSCF5970.JPG 3192.87806 0 1557.5 0 3192.68913 1038 0 0 1 -0.307659292 0.526944403 -0.792259652 -0.447246947 0.654840146 0.609224549 0.839830893 0.541769304 0.0342066197 0.719434602 -2.72553451 3.48801319
DSCF5971.JPG 3192.87806 0 1557.5 0 3192.68913 1038 0 0 1 -0.176991714 0.574381116 -0.799224791 -0.454896168 0.672364181 0.583948529 0.87277913 0.466918346 0.14228088 1.01502702 -2.81743225 3.40848073
DSCF5972.JPG 3192.87806 0 1557.5 0 3192.68913 1038 0 0 1 -0.137887396 0.575277529 -0.806252337 -0.468834416 0.679143474 0.564764051 0.87245708 0.455872687 0.176064579 0.893810287 -2.74307146 3.43541213
DSCF5973.JPG 3192.87806 0 1557.5 0 3192.68913 1038 0 0 1 -0.146400862 0.557263838 -0.817327231 -0.518382943 0.660481975 0.543178318 0.842523538 0.503210269 0.192180938 0.716417394 -2.77670497 3.45333843
DSCF5974.JPG 3192.87806 0 1557.5 0 3192.68913 1038 0 0 1 -0.148920056 0.533803124 -0.83239236 -0.528159009 0.668712191 0.523327877 0.835984975 0.517569541 0.182348272 0.692582796 -2.54206953 3.63719536
DSCF5975.JPG 3192.87806 0 1557.5 0 3192.68913 1038 0 0 1 -0.187457085 0.520689233 -0.832912099 -0.538061495 0.654982004 0.530554806 0.82179661 0.547614187 0.15738181 0.573798277 -2.4065415 3.78165857
DSCF5976.JPG 3192.87806 0 1557.5 0 3192.68913 1038 0 0 1 -0.186160852 0.514928263 -0.83677537 -0.546643568 0.653394588 0.523694875 0.816409791 0.554909358 0.15984573 0.629742178 -2.27439875 3.86494201
DSCF5977.JPG 3192.87806 0 1557.5 0 3192.68913 1038 0 0 1 -0.145917487 0.52452894 -0.838795254 -0.558540366 0.656132287 0.50746732 0.816541944 0.542549364 0.197229412 0.731252096 -2.1132858 3.83903984
DSCF5978.JPG 3192.87806 0 1557.5 0 3192.68913 1038 0 0 1 -0.088057978 0.497363302 -0.863061723 -0.540095617 0.704174863 0.460906158 0.83698418 0.506722318 0.206615525 0.731649603 -1.76765269 3.88617273
DSCF5979.JPG 3192.87806 0 1557.5 0 3192.68913 1038 0 0 1 -0.0035911783 0.491277613 -0.870995643 -0.576640224 0.710586812 0.403177919 0.816990303 0.503699007 0.280738589 0.923893261 -1.74644638 3.76448361
DSCF5980.JPG 3192.87806 0 1557.5 0 3192.68913 1038 0 0 1 -0.0211562394 0.496680733 -0.867675437 -0.567322378 0.708647048 0.419481442 0.823223987 0.501126342 0.266785788 0.8265087 -1.52149787 3.80214605
DSCF5981.JPG 3192.87806 0 1557.5 0 3192.68913 1038 0 0 1 -0.00562664605 0.485767898 -0.874069728 -0.584047959 0.707908159 0.397182603 0.811699651 0.512733447 0.279728601 0.835161068 -1.41373899 3.76371701
DSCF5982.JPG 3192.87806 0 1557.5 0 3192.68913 1038 0 0 1 0.0978372799 0.464801629 -0.879992791 -0.594635527 0.736341509 0.322815384 0.798020336 0.491691598 0.348429212 1.01130252 -1.23463326 3.66416867
DSCF5983.JPG 3192.87806 0 1557.5 0 3192.68913 1038 0 0 1 0.212219503 0.437261973 -0.873936411 -0.563460045 0.78542897 0.256152516 0.798420729 0.43806769 0.413062996 1.08232062 -0.991828067 3.53774001
DSCF5984.JPG 3192.87806 0 1557.5 0 3192.68913 1038 0 0 1 0.264114872 0.431479842 -0.862594041 -0.520012197 0.816931966 0.249418278 0.812299606 0.382684346 0.440138662 1.03957969 -0.994726372 3.48996131
DSCF5985.JPG 3192.87806 0 1557.5 0 3192.68913 1038 0 0 1 0.251690137 0.458449747 -0.852335559 -0.505367748 0.813338798 0.288241979 0.825382041 0.358195238 0.43639507 0.943170663 -1.13598177 3.50745504
DSCF5986.JPG 3192.87806 0 1557.5 0 3192.68913 1038 0 0 1 0.240829203 0.461981509 -0.853565686 -0.501231456 0.812298122 0.298226071 0.831124734 0.356012424 0.427184773 0.868785748 -1.31090423 3.50771154
DSCF5987.JPG 3192.87806 0 1557.5 0 3192.68913 1038 0 0 1 0.277704636 0.469083419 -0.838356059 -0.474234227 0.825875554 0.305010602 0.835453191 0.312874279 0.451804882 0.887163712 -1.41791625 3.46551586
DSCF5988.JPG 3192.87806 0 1557.5 0 3192.68913 1038 0 0 1 0.314585183 0.49270295 -0.811344542 -0.446714932 0.831017931 0.331443762 0.837545182 0.258172425 0.481523693 0.899262033 -1.49895615 3.39844738
DSCF5989.JPG 3192.87806 0 1557.5 0 3192.68913 1038 0 0 1 0.32425203 0.508248349 -0.797837225 -0.446169355 0.825870299 0.344776965 0.834142391 0.244175889 0.494554959 0.864629744 -1.65713939 3.34044474
DSCF5990.JPG 3192.87806 0 1557.5 0 3192.68913 1038 0 0 1 0.329850276 0.526936918 -0.783285567 -0.440393167 0.819796083 0.366044041 0.835016559 0.224213884 0.502469382 0.857678505 -1.82264313 3.30584583
DSCF5991.JPG 3192.87806 0 1557.5 0 3192.68913 1038 0 0 1 0.329860497 0.549436885 -0.767666048 -0.400412244 0.817838369 0.413292192 0.854904724 0.171054117 0.489773827 0.778301262 -1.83505154 3.37893233
DSCF5992.JPG 3192.87806 0 1557.5 0 3192.68913 1038 0 0 1 0.293273204 0.595950676 -0.74755175 -0.432230851 0.780108277 0.452335679 0.852741062 0.190456996 0.486373122 0.49501521 -2.13965051 3.30945073
DSCF5993.JPG 3192.87806 0 1557.5 0 3192.68913 1038 0 0 1 0.302706709 0.619604019 -0.724195766 -0.409051404 0.770763838 0.488467047 0.860840053 0.148371043 0.486765278 0.413950598 -2.19428193 3.32513243
DSCF5994.JPG 3192.87806 0 1557.5 0 3192.68913 1038 0 0 1 0.351133055 0.617539215 -0.70381169 -0.373953109 0.781613753 0.499238434 0.858408207 0.0878934529 0.505381134 0.543106408 -2.18731067 3.34659413
DSCF5995.JPG 3192.87806 0 1557.5 0 3192.68913 1038 0 0 1 0.353180641 0.629501654 -0.692091831 -0.418337465 0.767951636 0.485019639 0.836813719 0.118228395 0.534569777 0.466837871 -2.36776611 3.2441265
DSCF5996.JPG 3192.87806 0 1557.5 0 3192.68913 1038 0 0 1 0.364757508 0.621350221 -0.693452135 -0.467601398 0.766277727 0.440644276 0.805171344 0.163530879 0.570049786 0.479506008 -2.39536541 3.10230997
DSCF5997.JPG 3192.87806 0 1557.5 0 3192.68913 1038 0 0 1 0.334862304 0.593071262 -0.732211524 -0.503202678 0.769543401 0.393179373 0.796651933 0.236789849 0.556126124 0.422351214 -2.36437338 2.96125514
DSCF5998.JPG 3192.87806 0 1557.5 0 3192.68913 1038 0 0 1 0.319644532 0.566973223 -0.759189527 -0.546155437 0.764980787 0.341348259 0.774300725 0.305525383 0.554177434 0.365492571 -2.36140679 2.8079057
DSCF5999.JPG 3192.87806 0 1557.5 0 3192.68913 1038 0 0 1 0.35637606 0.528313939 -0.770636416 -0.561759907 0.780220858 0.275102198 0.746606932 0.334872804 0.574837624 0.415387521 -2.2779088 2.68550535
DSCF6000.JPG 3192.87806 0 1557.5 0 3192.68913 1038 0 0 1 0.402550586 0.51445247 -0.757160275 -0.572363326 0.786965764 0.230402063 0.714390124 0.340622287 0.611247256 0.559105304 -2.18022283 2.59293114
DSCF6001.JPG 3192.87806 0 1557.5 0 3192.68913 1038 0 0 1 0.374101739 0.511218758 -0.773759181 -0.584863766 0.777556732 0.230954332 0.719709847 0.366143291 0.589878654 0.510549725 -2.05086813 2.60261511
DSCF6002.JPG 3192.87806 0 1557.5 0 3192.68913 1038 0 0 1 0.423688099 0.475377004 -0.771041567 -0.537990497 0.816882303 0.208013287 0.728734945 0.326680282 0.601851621 0.645025874 -1.71315062 2.7376174
DSCF6003.JPG 3192.87806 0 1557.5 0 3192.68913 1038 0 0 1 0.483917337 0.461894318 -0.743288403 -0.491307588 0.846269059 0.206023139 0.724182895 0.265485064 0.636456452 0.685218386 -1.41902867 2.82086486
DSCF6004.JPG 3192.87806 0 1557.5 0 3192.68913 1038 0 0 1 0.539626321 0.436899862 -0.719667941 -0.47186652 0.864881129 0.17123849 0.697241294 0.24718241 0.672871038 0.692791823 -1.2848443 2.81943949
DSCF6005.JPG 3192.87806 0 1557.5 0 3192.68913 1038 0 0 1 0.561294105 0.444345339 -0.698216404 -0.483204493 0.860872197 0.159412919 0.671909477 0.247903772 0.697912154 0.635670065 -1.16714574 2.7587089
DSCF6006.JPG 3192.87806 0 1557.5 0 3192.68913 1038 0 0 1 0.569938054 0.451581966 -0.68647239 -0.485375593 0.859131613 0.162183248 0.663009161 0.240762539 0.708838664 0.644364477 -0.999314339 2.72213482
DSCF6007.JPG 3192.87806 0 1557.5 0 3192.68913 1038 0 0 1 0.639826394 0.429066947 -0.637592143 -0.47523536 0.872891059 0.110510419 0.603964849 0.232298848 0.762406523 0.730275109 -0.904595349 2.60838776
DSCF6008.JPG 3192.87806 0 1557.5 0 3192.68913 1038 0 0 1 0.715156145 0.367182769 -0.59475079 -0.431421187 0.901361933 0.0377150521 0.549934039 0.229615941 0.803024952 0.716645658 -0.799611157 2.53526133
DSCF6009.JPG 3192.87806 0 1557.5 0 3192.68913 1038 0 0 1 0.782992096 0.351442014 -0.513236679 -0.409412565 0.912349348 0.000138514094 0.468299829 0.210017089 0.858247105 0.799455223 -0.830204612 2.44758287
DSCF6010.JPG 3192.87806 0 1557.5 0 3192.68913 1038 0 0 1 0.773622353 0.358082885 -0.522766776 -0.394793141 0.917698391 0.0443625925 0.495627715 0.172064844 0.851320655 0.686099246 -0.901432144 2.43787781
DSCF6011.JPG 3192.87806 0 1557.5 0 3192.68913 1038 0 0 1 0.78707276 0.361591961 -0.49976767 -0.364450288 0.926241591 0.0961899325 0.497687108 0.106431996 0.86080182 0.623451817 -0.946025504 2.38631174
DSCF6012.JPG 3192.87806 0 1557.5 0 3192.68913 1038 0 0 1 0.808675814 0.33315477 -0.484820924 -0.328272913 0.939482381 0.0980293316 0.488139655 0.0798796275 0.869102366 0.555544114 -1.06574395 2.27483855
DSCF6013.JPG 3192.87806 0 1557.5 0 3192.68913 1038 0 0 1 0.833667073 0.316392476 -0.452653302 -0.311364762 0.946213949 0.0879269496 0.456126294 0.067638485 0.887340881 0.619869617 -1.23876337 2.17637319
DSCF6014.JPG 3192.87806 0 1557.5 0 3192.68913 1038 0 0 1 0.821404736 0.348596732 -0.451413975 -0.323735212 0.936584291 0.134184119 0.469563384 0.0359191281 0.88216781 0.566328817 -1.37137941 2.24722353
DSCF6015.JPG 3192.87806 0 1557.5 0 3192.68913 1038 0 0 1 0.795827869 0.382667276 -0.469280043 -0.337777548 0.923766002 0.180451385 0.502557789 0.0149040207 0.864415143 0.509608896 -1.50403614 2.37171257
DSCF6016.JPG 3192.87806 0 1557.5 0 3192.68913 1038 0 0 1 0.802777782 0.382965795 -0.457039422 -0.320232415 0.923469028 0.211320027 0.502990093 -0.0232841848 0.86397848 0.526101024 -1.61101818 2.47905599
DSCF6017.JPG 3192.87806 0 1557.5 0 3192.68913 1038 0 0 1 0.803296659 0.381626301 -0.457248121 -0.31712359 0.923925216 0.213997254 0.504130049 -0.0268991134 0.863208741 0.497135818 -1.84603112 2.46454754
DSCF6018.JPG 3192.87806 0 1557.5 0 3192.68913 1038 0 0 1 0.803221369 0.379105397 -0.459472012 -0.281417787 0.921335314 0.268226152 0.525013772 -0.0861413804 0.846723214 0.484695013 -1.88761811 2.58301986
DSCF6019.JPG 3192.87806 0 1557.5 0 3192.68913 1038 0 0 1 0.798729198 0.402188478 -0.447522175 -0.284543932 0.907831643 0.308020223 0.530156976 -0.118685026 0.839551931 0.422442671 -2.02790488 2.66397202
DSCF6020.JPG 3192.87806 0 1557.5 0 3192.68913 1038 0 0 1 0.815449002 0.395568057 -0.422574062 -0.266301448 0.904583083 0.332885843 0.513932354 -0.158919343 0.842981719 0.498668605 -2.0839158 2.71869276
DSCF6021.JPG 3192.87806 0 1557.5 0 3192.68913 1038 0 0 1 0.844422526 0.36302215 -0.393910543 -0.242214015 0.914637095 0.323684035 0.477789669 -0.177915436 0.860269219 0.579855859 -2.2336485 2.67751944
DSCF6022.JPG 3192.87806 0 1557.5 0 3192.68913 1038 0 0 1 0.879468005 0.329391499 -0.343565522 -0.235988859 0.928642027 0.286239835 0.413334351 -0.170661141 0.894443676 0.574989858 -2.31979977 2.5922831
DSCF6023.JPG 3192.87806 0 1557.5 0 3192.68913 1038 0 0 1 0.91357379 0.248632048 -0.321815218 -0.186951342 0.959528524 0.210604385 0.361153881 -0.132238859 0.923082206 0.673019483 -2.20748681 2.51194972
DSCF6024.JPG 3192.87806 0 1557.5 0 3192.68913 1038 0 0 1 0.927863907 0.215658688 -0.304236586 -0.189369758 0.975289698 0.113794115 0.321259498 -0.0479722433 0.945775343 0.641549668 -2.21851348 2.38002373
DSCF6025.JPG 3192.87806 0 1557.5 0 3192.68913 1038 0 0 1 0.940957558 0.190499187 -0.279837336 -0.187981733 0.981509934 0.0360709994 0.281534621 0.0186630277 0.959369558 0.694089752 -2.17700596 2.25583398
DSCF6026.JPG 3192.87806 0 1557.5 0 3192.68913 1038 0 0 1 0.936064344 0.219672408 -0.274822812 -0.228490676 0.973546098 -7.5536595e-05 0.267536083 0.0628651572 0.961494886 0.68251316 -2.08588324 2.18109189
DSCF6027.JPG 3192.87806 0 1557.5 0 3192.68913 1038 0 0 1 0.943532986 0.223580634 -0.244452867 -0.236055312 0.971476977 -0.022591412 0.23242933 0.0790201402 0.96939797 0.693389785 -1.92181636 2.14736938
DSCF6028.JPG 3192.87806 0 1557.5 0 3192.68913 1038 0 0 1 0.958248937 0.197745203 -0.206532827 -0.210660182 0.976643316 -0.0423098113 0.193342343 0.0840515748 0.977524461 0.632955976 -1.7102348 2.15510669
DSCF6029.JPG 3192.87806 0 1557.5 0 3192.68913 1038 0 0 1 0.975230152 0.164299898 -0.148093532 -0.174899474 0.982660079 -0.0615576494 0.135411686 0.0859343565 0.987055703 0.640810308 -1.52404514 2.20549659
DSCF6030.JPG 3192.87806 0 1557.5 0 3192.68913 1038 0 0 1 0.979130697 0.142420202 -0.144981252 -0.153979696 0.98545808 -0.0718514154 0.132639853 0.0926760956 0.986822076 0.537170164 -1.35703212 2.27311203
DSCF6031.JPG 3192.87806 0 1557.5 0 3192.68913 1038 0 0 1 0.976859406 0.150318955 -0.152150954 -0.160262311 0.985525412 -0.0552779673 0.141639305 0.0783828657 0.986810232 0.478066064 -1.14423045 2.37264223
DSCF6032.JPG 3192.87806 0 1557.5 0 3192.68913 1038 0 0 1 0.981053346 0.135159489 -0.1388029 -0.148151326 0.985047381 -0.0879365814 0.12484197 0.106834311 0.986408086 0.463419122 -1.09362729 2.42460799
DSCF6033.JPG 3192.87806 0 1557.5 0 3192.68913 1038 0 0 1 0.99358272 0.0752577715 -0.0844372385 -0.0857742546 0.987959225 -0.128760814 0.0737302968 0.135177061 0.988074393 0.522180675 -1.02385679 2.48250963
DSCF6034.JPG 3192.87806 0 1557.5 0 3192.68913 1038 0 0 1 0.999925556 0.00916543539 -0.00805462799 -0.0100820229 0.99244146 -0.122304133 0.00687277613 0.122376235 0.992459985 0.55339976 -0.952812965 2.51437444
DSCF6035.JPG 3192.87806 0 1557.5 0 3192.68913 1038 0 0 1 0.999636141 -0.0203005007 0.0177616221 0.0213337697 0.997966697 -0.0600611554 -0.0165062358 0.060418224 0.998036664 0.4796003 -0.965570792 2.56334161
DSCF6036.JPG 3192.87806 0 1557.5 0 3192.68913 1038 0 0 1 1 -4.39073826e-06 -1.89957073e-05 4.39055095e-06 1 -9.86042853e-06 1.89957506e-05 9.86034513e-06 1 0.361003554 -1.01096384 2.6391511
DSCF6037.JPG 3192.87806 0 1557.5 0 3192.68913 1038 0 0 1 0.99987822 0.0148618434 -0.00476141906 -0.0145118976 0.997673787 0.0666064562 0.00574023771 -0.0665292476 0.997767963 0.318307948 -1.04358859 2.75394841
DSCF6038.JPG 3192.87806 0 1557.5 0 3192.68913 1038 0 0 1 0.999030866 0.0329368413 0.0291974788 -0.0360474093 0.99290135 0.113346783 -0.0252569311 -0.114289428 0.993126384 0.334498535 -1.11089409 2.80637547
DSCF6039.JPG 3192.87806 0 1557.5 0 3192.68913 1038 0 0 1 0.999154617 0.0304765432 0.0275904097 -0.0344859752 0.986679865 0.15897661 -0.0223778442 -0.159793696 0.986896756 0.228732477 -1.16745898 2.8481652
DSCF6040.JPG 3192.87806 0 1557.5 0 3192.68913 1038 0 0 1 0.998807448 0.0283808777 0.0397266517 -0.034297731 0.98696789 0.157219748 -0.0347468952 -0.158394789 0.98676428 0.237796566 -1.36631768 2.84363318
DSCF6041.JPG 3192.87806 0 1557.5 0 3192.68913 1038 0 0 1 0.997891383 0.0617225512 0.020077709 -0.0644448493 0.979014182 0.19333415 -0.0077232849 -0.194220388 0.980927516 0.185197808 -1.43820794 2.85540256
DSCF6042.JPG 3192.87806 0 1557.5 0 3192.68913 1038 0 0 1 0.995412367 0.0956562246 0.00202640058 -0.0940050825 0.973848655 0.206837718 0.0178119078 -0.206079315 0.978373166 0.127371456 -1.57429123 2.86250283
DSCF6043.JPG 3192.87806 0 1557.5 0 3192.68913 1038 0 0 1 0.997397272 0.070845947 -0.0133989895 -0.0647079839 0.961498011 0.267085102 0.0318049988 -0.265522931 0.963579792 0.166134304 -1.58753075 2.94590074
DSCF6044.JPG 3192.87806 0 1557.5 0 3192.68913 1038 0 0 1 0.997366251 0.0724708735 0.002921407 -0.0708983103 0.965646226 0.250001593 0.0152967882 -0.249550274 0.968241018 0.14770647 -1.8963315 2.87993073
DSCF6045.JPG 3192.87806 0 1557.5 0 3192.68913 1038 0 0 1 0.998485834 0.0334686129 0.0436565185 -0.0448420831 0.954892108 0.293547697 -0.0318626307 -0.295060866 0.954947045 0.253389299 -1.93442158 2.94224547
DSCF6046.JPG 3192.87806 0 1557.5 0 3192.68913 1038 0 0 1 0.996750288 0.0328595586 0.0735466706 -0.0567001024 0.934727505 0.350812755 -0.0572185437 -0.353842818 0.933553051 0.196095966 -1.92122343 3.04465531
DSCF6047.JPG 3192.87806 0 1557.5 0 3192.68913 1038 0 0 1 0.990622753 0.0100755374 0.136253602 -0.0511731466 0.952044365 0.30165019 -0.126680186 -0.305794067 0.943632407 0.20552038 -2.12680724 2.97478574
DSCF6048.JPG 3192.87806 0 1557.5 0 3192.68913 1038 0 0 1 0.988720108 -0.0226773954 0.14804825 -0.0200714661 0.959493282 0.281015619 -0.148424004 -0.280817338 0.948215133 0.12411054 -2.0731669 2.9766728
DSCF6049.JPG 3192.87806 0 1557.5 0 3192.68913 1038 0 0 1 0.984945386 -0.0439717307 0.167179763 0.00362508394 0.972148469 0.234337818 -0.17282779 -0.230203912 0.95767255 0.12006588 -2.05994384 2.94354111
DSCF6050.JPG 3192.87806 0 1557.5 0 3192.68913 1038 0 0 1 0.982457075 -0.0496721077 0.179751989 0.0208429603 0.987083072 0.158847661 -0.185320443 -0.152314444 0.970802062 0.157167928 -2.10278722 2.86018835
DSCF6051.JPG 3192.87806 0 1557.5 0 3192.68913 1038 0 0 1 0.988695187 -0.0345958015 0.145893652 0.0132914558 0.989408955 0.144544997 -0.149349136 -0.140971803 0.978683701 0.0748460904 -1.92687927 2.88932242
DSCF6052.JPG 3192.87806 0 1557.5 0 3192.68913 1038 0 0 1 0.992862422 -0.0460329156 0.110023548 0.0328023739 0.992331673 0.11917154 -0.114665665 -0.11471191 0.986758817 0.0462059156 -1.83782328 2.92428475
DSCF6053.JPG 3192.87806 0 1557.5 0 3192.68913 1038 0 0 1 0.991873094 -0.0685074073 0.107212404 0.0578708085 0.993367376 0.0993590768 -0.113308137 -0.0923471264 0.989258952 0.0674877038 -1.76755099 2.95494114
DSCF6054.JPG 3192.87806 0 1557.5 0 3192.68913 1038 0 0 1 0.984845088 -0.102513599 0.139896801 0.0896771449 0.99141265 0.0951786096 -0.14845256 -0.0811906405 0.985581005 0.141805773 -1.64160745 2.97476292
DSCF6055.JPG 3192.87806 0 1557.5 0 3192.68913 1038 0 0 1 0.981273195 -0.112635958 0.156256388 0.102332864 0.992103998 0.0725095949 -0.163189775 -0.0551615581 0.98505142 0.110496272 -1.55997415 2.96332296
DSCF6056.JPG 3192.87806 0 1557.5 0 3192.68913 1038 0 0 1 0.97352756 -0.142246045 0.178913815 0.127208844 0.987512001 0.0929406181 -0.189899975 -0.0677208335 0.979465103 0.126472279 -1.32555127 3.01638951
DSCF6057.JPG 3192.87806 0 1557.5 0 3192.68913 1038 0 0 1 0.959830428 -0.180530456 0.214788976 0.166625321 0.982660642 0.0813268975 -0.225746655 -0.0422707489 0.97326853 0.138656317 -1.20068517 2.9750442
DSCF6058.JPG 3192.87806 0 1557.5 0 3192.68913 1038 0 0 1 0.94210508 -0.222870139 0.25053327 0.209873136 0.974627901 0.0778056652 -0.261517274 -0.0207209096 0.964976352 0.148665307 -1.09406805 2.93082452
DSCF6059.JPG 3192.87806 0 1557.5 0 3192.68913 1038 0 0 1 0.919844746 -0.268484279 0.2860102 0.267192057 0.962623863 0.0443136784 -0.28721777 0.0356579495 0.95720137 0.171759787 -1.09803516 2.86026447
DSCF6060.JPG 3192.87806 0 1557.5 0 3192.68913 1038 0 0 1 0.898551247 -0.323830162 0.296208848 0.315763778 0.945780913 0.076103231 -0.304793197 0.0251493718 0.952086454 0.114770431 -1.0261091 2.90316667
DSCF6061.JPG 3192.87806 0 1557.5 0 3192.68913 1038 0 0 1 0.874901566 -0.354577949 0.329881386 0.322964055 0.934741316 0.148165079 -0.36088983 -0.0230900297 0.932322573 0.168692313 -1.01246302 2.96403992
DSCF6062.JPG 3192.87806 0 1557.5 0 3192.68913 1038 0 0 1 0.878460791 -0.368040352 0.304717801 0.332867127 0.928898356 0.162318573 -0.342791649 -0.0411599632 0.938509319 0.0532439214 -1.14371282 2.99300975
DSCF6063.JPG 3192.87806 0 1557.5 0 3192.68913 1038 0 0 1 0.87582447 -0.366039704 0.31455752 0.318671733 0.928073283 0.192687075 -0.36246355 -0.0685194649 0.929475797 0.0460156345 -1.19872313 2.97849952
DSCF6064.JPG 3192.87806 0 1557.5 0 3192.68913 1038 0 0 1 0.874162164 -0.361903457 0.323830817 0.307976185 0.928706512 0.206530589 -0.375487923 -0.080809047 0.923297741 0.0634613261 -1.27703358 2.94072353
DSCF6065.JPG 3192.87806 0 1557.5 0 3192.68913 1038 0 0 1 0.879973094 -0.330152368 0.341535897 0.262675777 0.937259038 0.229231174 -0.395788821 -0.112004058 0.911485765 0.0431843437 -1.33697239 2.95856237
DSCF6066.JPG 3192.87806 0 1557.5 0 3192.68913 1038 0 0 1 0.886333384 -0.313722404 0.34057508 0.230625668 0.93687777 0.26281523 -0.401528248 -0.154396556 0.902738484 0.000640035473 -1.3876714 2.99596275
DSCF6067.JPG 3192.87806 0 1557.5 0 3192.68913 1038 0 0 1 0.884917231 -0.286604404 0.367123153 0.189420963 0.94157641 0.278484402 -0.425489357 -0.176894825 0.887506072 -0.0371902591 -1.4917521 3.02382402
DSCF6068.JPG 3192.87806 0 1557.5 0 3192.68913 1038 0 0 1 0.887811 -0.241843309 0.391539834 0.119183523 0.942588833 0.311964068 -0.444507498 -0.230300034 0.865664472 -0.197395787 -1.45677821 3.13824043
DSCF6069.JPG 3192.87806 0 1557.5 0 3192.68913 1038 0 0 1 0.884237716 -0.21210645 0.416094358 0.0880969366 0.950679696 0.297400479 -0.458653018 -0.226316082 0.859312772 -0.339095139 -1.54357128 3.15428058
DSCF6070.JPG 3192.87806 0 1557.5 0 3192.68913 1038 0 0 1 0.883292573 -0.205481398 0.421392484 0.0984303174 0.960079846 0.261836137 -0.458372887 -0.189800119 0.868256996 -0.536173465 -1.62996458 3.09979765
DSCF6071.JPG 3192.87806 0 1557.5 0 3192.68913 1038 0 0 1 0.882297752 -0.211873242 0.420309893 0.116173592 0.963358832 0.241750818 -0.456129777 -0.164467293 0.874583407 -0.708224153 -1.67568804 3.03564156
DSCF6072.JPG 3192.87806 0 1557.5 0 3192.68913 1038 0 0 1 0.878299637 -0.214957366 0.42706332 0.140951215 0.9699472 0.198330997 -0.45686158 -0.113998949 0.882202775 -0.802608123 -1.78650843 2.94268629
DSCF6073.JPG 3192.87806 0 1557.5 0 3192.68913 1038 0 0 1 0.878844993 -0.220098685 0.423306092 0.170501723 0.973531432 0.152202871 -0.445601437 -0.0615883133 0.893110429 -0.930772502 -1.89443801 2.85198389
DSCF6074.JPG 3192.87806 0 1557.5 0 3192.68913 1038 0 0 1 0.879137003 -0.249621487 0.405964584 0.209588867 0.967560704 0.141063076 -0.428007753 -0.0389281124 0.902936302 -1.010472 -1.9276826 2.82691792
DSCF6075.JPG 3192.87806 0 1557.5 0 3192.68913 1038 0 0 1 0.878363042 -0.269580063 0.394721365 0.246970095 0.962974647 0.108099955 -0.40924826 0.00253336811 0.912419555 -1.07074738 -2.00804002 2.75425748
DSCF6076.JPG 3192.87806 0 1557.5 0 3192.68913 1038 0 0 1 0.86612466 -0.307383556 0.3941363 0.307391379 0.949367233 0.0649029858 -0.394130199 0.0649400241 0.916757427 -1.04824547 -2.11653976 2.64511925
DSCF6077.JPG 3192.87806 0 1557.5 0 3192.68913 1038 0 0 1 0.840514609 -0.339135449 0.422519039 0.34761482 0.935743366 0.059567523 -0.415570847 0.0968065064 0.904394478 -0.992073429 -2.11424526 2.66277471
DSCF6078.JPG 3192.87806 0 1557.5 0 3192.68913 1038 0 0 1 0.807104303 -0.382536902 0.449720094 0.406299148 0.912529015 0.0470297685 -0.428373256 0.144762962 0.891930512 -0.953113594 -2.22206647 2.62209036
DSCF6079.JPG 3192.87806 0 1557.5 0 3192.68913 1038 0 0 1 0.787763296 -0.428677469 0.442339934 0.465289227 0.884692227 0.0287332183 -0.403651985 0.183181031 0.896387073 -0.951318321 -2.24984683 2.5327356
DSCF6080.JPG 3192.87806 0 1557.5 0 3192.68913 1038 0 0 1 0.718938247 -0.520074687 0.46114002 0.532333784 0.838574901 0.115813982 -0.446932367 0.16221731 0.879736895 -0.559431892 -1.9718779 2.66629736
DSCF6081.JPG 3192.87806 0 1557.5 0 3192.68913 1038 0 0 1 0.668146423 -0.532381436 0.519759911 0.518237576 0.834246462 0.188315306 -0.53386344 0.143536918 0.833298854 -0.392403373 -1.80247339 2.8130566
DSCF6082.JPG 3192.87806 0 1557.5 0 3192.68913 1038 0 0 1 0.683488797 -0.504803882 0.527272325 0.501166202 0.849698764 0.163842755 -0.530731102 0.152266381 0.833750231 -0.582299887 -2.0709202 2.76974282
DSCF6083.JPG 3192.87806 0 1557.5 0 3192.68913 1038 0 0 1 0.673882844 -0.495133551 0.548383697 0.49343452 0.854037576 0.16474888 -0.549912981 0.159570002 0.819837257 -0.618376689 -2.29999846 2.77989212
DSCF6084.JPG 3192.87806 0 1557.5 0 3192.68913 1038 0 0 1 0.660886861 -0.482569016 0.574765779 0.477742348 0.861157424 0.173695536 -0.578783902 0.159796855 0.799671282 -0.712878562 -2.44892326 2.8384383
DSCF6085.JPG 3192.87806 0 1557.5 0 3192.68913 1038 0 0 1 0.661982045 -0.437788144 0.608375963 0.449511481 0.881404404 0.145140298 -0.599765955 0.177391709 0.780264687 -0.843243397 -2.62167298 2.80956658
DSCF6086.JPG 3192.87806 0 1557.5 0 3192.68913 1038 0 0 1 0.671892252 -0.415069923 0.613414836 0.452012991 0.885888336 0.104336532 -0.586724005 0.207168567 0.782838506 -0.837774282 -2.78662018 2.67022034
DSCF6087.JPG 3192.87806 0 1557.5 0 3192.68913 1038 0 0 1 0.693529251 -0.425427177 0.581402524 0.452816191 0.885098923 0.107505316 -0.560334431 0.188710396 0.806482307 -0.723351103 -2.8020519 2.60610946
DSCF6088.JPG 3192.87806 0 1557.5 0 3192.68913 1038 0 0 1 0.708722161 -0.426971862 0.561611901 0.447036069 0.887639233 0.110703864 -0.545776192 0.172602495 0.819961418 -0.485246406 -2.75135761 2.57778082
DSCF6089.JPG 3192.87806 0 1557.5 0 3192.68913 1038 0 0 1 0.7826995 -0.367599894 0.502246763 0.371784366 0.923301629 0.0963871704 -0.499157168 0.111285304 0.859335617 -0.526991685 -2.5954364 2.60896278
DSCF6090.JPG 3192.87806 0 1557.5 0 3192.68913 1038 0 0 1 0.851195103 -0.299502361 0.431004909 0.304212252 0.950721743 0.0598587788 -0.427693584 0.0801654749 0.90036198 -0.47588165 -2.50660649 2.63343622
DSCF6091.JPG 3192.87806 0 1557.5 0 3192.68913 1038 0 0 1 0.918366149 -0.214951505 0.332264153 0.215698291 0.975828637 0.0351100933 -0.331779843 0.0394248886 0.942532659 -0.563019198 -2.44062128 2.66655187
DSCF6092.JPG 3192.87806 0 1557.5 0 3192.68913 1038 0 0 1 0.964722436 -0.120911336 0.233861218 0.125945034 0.992014904 -0.0066541699 -0.23118925 0.0358730861 0.972247218 -0.635357506 -2.47413074 2.61118441
DSCF6093.JPG 3192.87806 0 1557.5 0 3192.68913 1038 0 0 1 0.983610185 -0.07124433 0.165635892 0.0740187478 0.997200193 -0.0106301518 -0.164414806 0.0227160869 0.986129683 -0.393443595 -2.46896707 2.646394
DSCF6094.JPG 3192.87806 0 1557.5 0 3192.68913 1038 0 0 1 0.998957891 0.00419285181 0.0454483407 -0.00587699413 0.999298497 0.0369861501 -0.0452613811 -0.0372147061 0.99828176 -0.426341474 -2.29694623 2.76728897
DSCF6095.JPG 3192.87806 0 1557.5 0 3192.68913 1038 0 0 1 0.996952172 0.0646786724 -0.0436238059 -0.0622327527 0.996530041 0.0552717037 0.0470473335 -0.0523884155 0.997517921 -0.358938534 -2.16669367 2.75384917
DSCF6096.JPG 3192.87806 0 1557.5 0 3192.68913 1038 0 0 1 0.977378686 0.152140927 -0.146915086 -0.14304646 0.987190176 0.0706630464 0.155783871 -0.0480488726 0.986621858 -0.264332198 -1.9882426 2.55266876
