292
DSCF5565.JPG 3222.70108 0 1559 0 3222.70108 1039 0 0 1 0.456920534 0.639268406 -0.61851397 -0.239306228 0.758052078 0.606703862 0.856712411 -0.129201207 0.499350471 0.250633473 -2.21530033 3.59113953
DSCF5566.JPG 3222.70108 0 1559 0 3222.70108 1039 0 0 1 0.471841869 0.624837191 -0.622048017 -0.258345626 0.772536961 0.580038086 0.842984453 -0.112982871 0.525939239 0.324203627 -2.17684545 3.54304157
DSCF5567.JPG 3222.70108 0 1559 0 3222.70108 1039 0 0 1 0.487888172 0.604506023 -0.629712315 -0.283644324 0.792039258 0.540573502 0.825536812 -0.0851250942 0.557891288 0.380461976 -1.99488784 3.51731624
DSCF5568.JPG 3222.70108 0 1559 0 3222.70108 1039 0 0 1 0.486089065 0.601309647 -0.63414835 -0.340966686 0.79863002 0.495915124 0.804648457 -0.0248354579 0.593231877 0.304059807 -1.90653121 3.50462095
DSCF5569.JPG 3222.70108 0 1559 0 3222.70108 1039 0 0 1 0.494449621 0.583308354 -0.644415189 -0.395824097 0.811153745 0.430526291 0.773849376 0.0422014986 0.631962164 0.307300205 -1.85622643 3.4724705
DSCF5570.JPG 3222.70108 0 1559 0 3222.70108 1039 0 0 1 0.507505343 0.572889223 -0.643611891 -0.456175095 0.812326764 0.363358654 0.730987421 0.109193257 0.673597968 0.331260599 -1.86353084 3.40030845
DSCF5571.JPG 3222.70108 0 1559 0 3222.70108 1039 0 0 1 0.512004966 0.574244137 -0.638822813 -0.478145075 0.808357934 0.343416275 0.713602272 0.129619144 0.688455282 0.251564728 -1.60842705 3.42469963
DSCF5572.JPG 3222.70108 0 1559 0 3222.70108 1039 0 0 1 0.539175797 0.56517066 -0.624396976 -0.527990931 0.804442178 0.272210136 0.656136446 0.182906824 0.732140736 0.274664441 -1.58660536 3.31901417
DSCF5573.JPG 3222.70108 0 1559 0 3222.70108 1039 0 0 1 0.572941815 0.552704325 -0.605190554 -0.551857805 0.806085814 0.213725582 0.605962573 0.211526808 0.766854464 0.330837524 -1.48942519 3.28184636
DSCF5574.JPG 3222.70108 0 1559 0 3222.70108 1039 0 0 1 0.597507777 0.52531257 -0.605830967 -0.570360057 0.809483857 0.139374644 0.56362564 0.262264351 0.783290207 0.314892059 -1.44722848 3.23560487
DSCF5575.JPG 3222.70108 0 1559 0 3222.70108 1039 0 0 1 0.681142498 0.473312337 -0.558587799 -0.530622979 0.844811273 0.0687980225 0.504464222 0.249538265 0.826587263 0.496710617 -1.27962763 3.21132298
DSCF5576.JPG 3222.70108 0 1559 0 3222.70108 1039 0 0 1 0.710883577 0.453750782 -0.537359068 -0.489260769 0.867923698 0.0856291697 0.505240972 0.202036341 0.838995159 0.367253581 -1.21152766 3.23431744
DSCF5577.JPG 3222.70108 0 1559 0 3222.70108 1039 0 0 1 0.738610625 0.447653906 -0.504043971 -0.445441711 0.885298986 0.133519241 0.506000026 0.125903479 0.853294959 0.375543545 -1.25189995 3.22934791
DSCF5578.JPG 3222.70108 0 1559 0 3222.70108 1039 0 0 1 0.746706584 0.439097025 -0.499622938 -0.416597544 0.894297151 0.163337355 0.518532317 0.0861766104 0.850704313 0.263794779 -1.48496906 3.24526387
DSCF5579.JPG 3222.70108 0 1559 0 3222.70108 1039 0 0 1 0.750629485 0.420542557 -0.509607038 -0.367121557 0.906731817 0.207507047 0.54934246 0.0313268212 0.835009875 0.173815201 -1.62608708 3.35243106
DSCF5580.JPG 3222.70108 0 1559 0 3222.70108 1039 0 0 1 0.759405322 0.414224361 -0.501718782 -0.328099495 0.909724476 0.254464337 0.561831184 -0.0286278925 0.826756412 0.195710304 -1.70731555 3.47719035
DSCF5581.JPG 3222.70108 0 1559 0 3222.70108 1039 0 0 1 0.76645976 0.415386183 -0.489891575 -0.299565844 0.905874618 0.299418572 0.568154681 -0.0827375037 0.818751955 0.121307132 -1.7423527 3.49602893
DSCF5582.JPG 3222.70108 0 1559 0 3222.70108 1039 0 0 1 0.798387727 0.382572171 -0.464989861 -0.244348738 0.911627493 0.330498122 0.550336925 -0.150245959 0.821313229 0.158938372 -1.8293268 3.49296527
DSCF5583.JPG 3222.70108 0 1559 0 3222.70108 1039 0 0 1 0.819529338 0.362507981 -0.443801338 -0.190659239 0.902841975 0.385389963 0.540389414 -0.231223556 0.809020982 0.187235219 -1.79792026 3.57796784
DSCF5584.JPG 3222.70108 0 1559 0 3222.70108 1039 0 0 1 0.828649248 0.347456505 -0.438878573 -0.173027203 0.90463013 0.389494434 0.532355155 -0.246816338 0.809740504 0.210388247 -2.06011198 3.53344076
DSCF5585.JPG 3222.70108 0 1559 0 3222.70108 1039 0 0 1 0.839090444 0.344853475 -0.42071761 -0.151575551 0.89097424 0.428006725 0.522448159 -0.295365849 0.799879326 0.342051544 -2.14918087 3.58747617
DSCF5586.JPG 3222.70108 0 1559 0 3222.70108 1039 0 0 1 0.85590682 0.33422973 -0.394606137 -0.11779251 0.869015635 0.480558791 0.503535937 -0.364831899 0.783166167 0.385934629 -2.0633882 3.73552862
DSCF5587.JPG 3222.70108 0 1559 0 3222.70108 1039 0 0 1 0.877473099 0.318030871 -0.359022738 -0.111010575 0.862888947 0.493051029 0.466602201 -0.392783693 0.792466628 0.228523557 -2.05059551 3.73921194
DSCF5588.JPG 3222.70108 0 1559 0 3222.70108 1039 0 0 1 0.910917077 0.274474936 -0.308048029 -0.113115925 0.884151478 0.453300068 0.396780627 -0.378073636 0.836436166 0.228995297 -2.12381686 3.67752136
DSCF5589.JPG 3222.70108 0 1559 0 3222.70108 1039 0 0 1 0.917577459 0.266212822 -0.295266557 -0.128125069 0.901093797 0.414263124 0.376345018 -0.342287457 0.860931893 0.0524408805 -2.08401622 3.66859643
DSCF5590.JPG 3222.70108 0 1559 0 3222.70108 1039 0 0 1 0.92176 0.27392084 -0.274455599 -0.170332668 0.921882148 0.348023114 0.348346501 -0.274045031 0.896411756 0.0358118545 -2.17544465 3.56361731
DSCF5591.JPG 3222.70108 0 1559 0 3222.70108 1039 0 0 1 0.91963432 0.273834706 -0.281579956 -0.185082732 0.934436663 0.304257299 0.346434842 -0.227689867 0.910022101 0.00494643581 -2.03144244 3.54460843
DSCF5592.JPG 3222.70108 0 1559 0 3222.70108 1039 0 0 1 0.916321502 0.274399716 -0.291649963 -0.205472608 0.947313884 0.245718157 0.343709051 -0.165230752 0.924425706 -0.0365144737 -1.97696176 3.49006925
DSCF5593.JPG 3222.70108 0 1559 0 3222.70108 1039 0 0 1 0.919206672 0.265281592 -0.291006479 -0.218323262 0.958367829 0.184027326 0.32771031 -0.105625662 0.938855246 0.00174051485 -1.91996991 3.45606724
DSCF5594.JPG 3222.70108 0 1559 0 3222.70108 1039 0 0 1 0.9214751 0.251593773 -0.295946303 -0.22744044 0.967097258 0.113990091 0.314888055 -0.0377288735 0.94837864 0.01542167 -1.87406666 3.39290716
DSCF5595.JPG 3222.70108 0 1559 0 3222.70108 1039 0 0 1 0.919679249 0.248198612 -0.304281987 -0.242944208 0.968442286 0.0556565473 0.308493421 0.0227373746 0.950954689 -0.0385449126 -1.81460218 3.27418259
DSCF5596.JPG 3222.70108 0 1559 0 3222.70108 1039 0 0 1 0.925683698 0.232039959 -0.298776086 -0.241230152 0.970447541 0.00629162847 0.291406427 0.0662497427 0.954302502 -0.0166857153 -1.72019015 3.19996119
DSCF5597.JPG 3222.70108 0 1559 0 3222.70108 1039 0 0 1 0.936743135 0.213784878 -0.27714315 -0.231867011 0.972160189 -0.0337972731 0.262202192 0.0959197174 0.960234044 0.101873798 -1.59717932 3.20004982
DSCF5598.JPG 3222.70108 0 1559 0 3222.70108 1039 0 0 1 0.953203171 0.177751074 -0.244557293 -0.206746471 0.973443572 -0.0983031482 0.220589235 0.14426423 0.964638907 0.186323317 -1.57928795 3.10872859
DSCF5599.JPG 3222.70108 0 1559 0 3222.70108 1039 0 0 1 0.96802681 0.148473884 -0.202187045 -0.168771241 0.981802563 -0.0870631747 0.185581152 0.118402846 0.975469324 0.132929 -1.37876576 3.05824847
DSCF5600.JPG 3222.70108 0 1559 0 3222.70108 1039 0 0 1 0.979510598 0.142891528 -0.141918992 -0.149429579 0.988099286 -0.0364774273 0.13501774 0.0569369219 0.989205943 0.102642497 -1.35104115 3.04589243
DSCF5601.JPG 3222.70108 0 1559 0 3222.70108 1039 0 0 1 0.981093576 0.135162052 -0.138515756 -0.1329537 0.990803946 0.0251168042 0.140636796 -0.006225753 0.990041682 -0.0353980749 -1.38842791 3.0549987
DSCF5602.JPG 3222.70108 0 1559 0 3222.70108 1039 0 0 1 0.978497089 0.143410458 -0.148246039 -0.132642918 0.987915323 0.0801821054 0.157953486 -0.0587941695 0.985694649 -0.128735454 -1.45768364 3.10262007
DSCF5603.JPG 3222.70108 0 1559 0 3222.70108 1039 0 0 1 0.968935897 0.168382206 -0.181137129 -0.151438176 0.98301001 0.103719812 0.195524182 -0.0730667729 0.97797318 -0.245065578 -1.7111325 3.04375426
DSCF5604.JPG 3222.70108 0 1559 0 3222.70108 1039 0 0 1 0.967030162 0.181438149 -0.17869769 -0.150273948 0.973072114 0.174781009 0.205597681 -0.1421649 0.968255511 -0.184658091 -1.74984848 3.07421744
DSCF5605.JPG 3222.70108 0 1559 0 3222.70108 1039 0 0 1 0.967705246 0.185465682 -0.170730892 -0.145054587 0.963597112 0.224588006 0.206169163 -0.192569692 0.959380628 -0.198691981 -1.79776189 3.19462558
DSCF5606.JPG 3222.70108 0 1559 0 3222.70108 1039 0 0 1 0.975749918 0.149975625 -0.159434656 -0.101282383 0.955066551 0.278549388 0.194046325 -0.255646621 0.947095998 -0.194621537 -1.8077141 3.37204763
DSCF5607.JPG 3222.70108 0 1559 0 3222.70108 1039 0 0 1 0.983928609 0.129143121 -0.123314831 -0.0857916919 0.94756817 0.307821944 0.156602295 -0.292295429 0.943418838 -0.122268447 -1.96594593 3.51235723
DSCF5608.JPG 3222.70108 0 1559 0 3222.70108 1039 0 0 1 0.985782826 0.128787066 -0.107917148 -0.0808434937 0.926583101 0.367298361 0.147297484 -0.353352017 0.923821305 -0.148297923 -1.99579428 3.66370932
DSCF5609.JPG 3222.70108 0 1559 0 3222.70108 1039 0 0 1 0.990806798 0.108002765 -0.0814695821 -0.0660671755 0.911804397 0.405275054 0.11805515 -0.396166813 0.910557432 -0.0501882374 -2.13940313 3.74848126
DSCF5610.JPG 3222.70108 0 1559 0 3222.70108 1039 0 0 1 0.996627709 0.073913631 -0.0356368331 -0.0497565216 0.889704857 0.453816655 0.0652495003 -0.450513089 0.890382199 0.0426662705 -2.14599877 3.88240347
DSCF5611.JPG 3222.70108 0 1559 0 3222.70108 1039 0 0 1 0.999119042 0.0295518712 0.0297964367 -0.0400243305 0.884483218 0.464852116 -0.0126171983 -0.465635183 0.884886819 0.0697203409 -2.17347275 3.89634057
DSCF5612.JPG 3222.70108 0 1559 0 3222.70108 1039 0 0 1 0.996428068 -0.00407340236 0.0843475678 -0.0343551249 0.892886331 0.448969627 -0.0771416242 -0.450263709 0.88955706 0.0721976614 -2.16203354 3.85608143
DSCF5613.JPG 3222.70108 0 1559 0 3222.70108 1039 0 0 1 0.995880008 -0.0195231229 0.0885542614 -0.0185776977 0.911910281 0.409968912 -0.0887574148 -0.409924978 0.907790523 -0.0523989124 -2.14328651 3.80708998
DSCF5614.JPG 3222.70108 0 1559 0 3222.70108 1039 0 0 1 0.995313976 -0.0254814741 0.0932779903 -0.0114778496 0.92669981 0.375627103 -0.0960122282 -0.374937536 0.9220648 -0.093464454 -2.02863457 3.80883289
DSCF5615.JPG 3222.70108 0 1559 0 3222.70108 1039 0 0 1 0.996175481 -0.0103670891 0.0867579132 -0.0168942697 0.951344894 0.307664552 -0.0857262835 -0.307953595 0.947531312 -0.180751402 -2.07869205 3.70134156
DSCF5616.JPG 3222.70108 0 1559 0 3222.70108 1039 0 0 1 0.997803386 0.00973177353 0.0655263 -0.0270432177 0.962814367 0.268806919 -0.060473695 -0.269988496 0.960962613 -0.209140669 -1.94263273 3.59021921
DSCF5617.JPG 3222.70108 0 1559 0 3222.70108 1039 0 0 1 0.999596107 0.0097301966 0.0267010538 -0.014941996 0.979155713 0.202560674 -0.0241735342 -0.202877828 0.978905627 -0.24189977 -1.96923104 3.3647465
DSCF5618.JPG 3222.70108 0 1559 0 3222.70108 1039 0 0 1 0.999703995 0.0233159158 0.00694916271 -0.0240759916 0.989198217 0.14459334 -0.00350277323 -0.144717848 0.989466763 -0.255327302 -1.90355173 3.23703729
DSCF5619.JPG 3222.70108 0 1559 0 3222.70108 1039 0 0 1 0.999776659 0.020154388 -0.00635862108 -0.0194483407 0.995155863 0.0963668538 0.00827003401 -0.0962216665 0.995325574 -0.205601527 -1.81289122 3.17177647
DSCF5620.JPG 3222.70108 0 1559 0 3222.70108 1039 0 0 1 0.999938628 -0.00365507267 0.0104585115 0.0032004661 0.999063092 0.0431589639 -0.0106064619 -0.043122843 0.999013475 -0.092804899 -1.77688839 3.1644102
DSCF5621.JPG 3222.70108 0 1559 0 3222.70108 1039 0 0 1 0.999380368 -0.0279462134 0.0213983564 0.0279101608 0.999608471 0.00198169003 -0.0214453591 -0.00138323054 0.999769065 -0.0809093486 -1.7410964 3.13782784
DSCF5622.JPG 3222.70108 0 1559 0 3222.70108 1039 0 0 1 0.997459222 -0.059235937 0.0395753099 0.0598085951 0.998119309 -0.0134453074 -0.0387044356 0.0157780896 0.999126127 -0.0996946685 -1.55630219 3.12687541
DSCF5623.JPG 3222.70108 0 1559 0 3222.70108 1039 0 0 1 0.987513274 -0.110314774 0.112464145 0.114074482 0.993090344 -0.0275423621 -0.108648727 0.0400277372 0.993273998 0.0247208609 -1.46892829 3.08774274
DSCF5624.JPG 3222.70108 0 1559 0 3222.70108 1039 0 0 1 0.978137192 -0.135097991 0.158101763 0.132749027 0.990824835 0.0253740657 -0.160079138 -0.00383146222 0.987096748 -0.129043394 -1.47929769 3.1352238
DSCF5625.JPG 3222.70108 0 1559 0 3222.70108 1039 0 0 1 0.967742625 -0.143698833 0.206941675 0.129537528 0.988301471 0.0804998836 -0.216088501 -0.0510964556 0.975035852 -0.15449783 -1.51949983 3.20642178
DSCF5626.JPG 3222.70108 0 1559 0 3222.70108 1039 0 0 1 0.966236588 -0.149167763 0.210085301 0.123275484 0.983629985 0.131435186 -0.226252094 -0.101099118 0.968808009 -0.242549644 -1.61284196 3.27949282
DSCF5627.JPG 3222.70108 0 1559 0 3222.70108 1039 0 0 1 0.969219974 -0.142847442 0.200517459 0.10356491 0.975456132 0.194318409 -0.223353873 -0.16757071 0.960225549 -0.330990571 -1.59937484 3.38247999
DSCF5628.JPG 3222.70108 0 1559 0 3222.70108 1039 0 0 1 0.977975288 -0.123822068 0.168025095 0.0859851417 0.972549251 0.216227912 -0.190186467 -0.197017892 0.961775991 -0.423978844 -1.75024727 3.42301973
DSCF5629.JPG 3222.70108 0 1559 0 3222.70108 1039 0 0 1 0.975564698 -0.117583553 0.18560072 0.0667695481 0.963454029 0.259418893 -0.209321157 -0.240687438 0.94776274 -0.344939143 -1.86990805 3.52042849
DSCF5630.JPG 3222.70108 0 1559 0 3222.70108 1039 0 0 1 0.97282602 -0.126324763 0.194040173 0.0617281315 0.94922242 0.308490576 -0.223157281 -0.288129922 0.93122606 -0.336607054 -1.9090519 3.53910776
DSCF5631.JPG 3222.70108 0 1559 0 3222.70108 1039 0 0 1 0.965132619 -0.146989629 0.216594267 0.0604212304 0.930202578 0.362039277 -0.254692565 -0.336329024 0.906650145 -0.302343059 -1.90531738 3.57618983
DSCF5632.JPG 3222.70108 0 1559 0 3222.70108 1039 0 0 1 0.955642058 -0.169664252 0.240753604 0.0672152508 0.921474185 0.382579973 -0.286758376 -0.349427199 0.892003512 -0.259073795 -2.10466393 3.53175689
DSCF5633.JPG 3222.70108 0 1559 0 3222.70108 1039 0 0 1 0.948428864 -0.184386701 0.257845369 0.0552343766 0.897102858 0.438355593 -0.312140759 -0.401507169 0.861022729 -0.316489033 -2.11248675 3.62001901
DSCF5634.JPG 3222.70108 0 1559 0 3222.70108 1039 0 0 1 0.918792981 -0.22780475 0.322373158 0.0617602979 0.889574893 0.452594934 -0.389878344 -0.395931187 0.831404458 -0.284781959 -2.18511064 3.62489044
DSCF5635.JPG 3222.70108 0 1559 0 3222.70108 1039 0 0 1 0.900182839 -0.268852906 0.342620738 0.0957364791 0.889622304 0.446549754 -0.42485925 -0.369175122 0.826561762 -0.4128039 -2.1844075 3.57402602
DSCF5636.JPG 3222.70108 0 1559 0 3222.70108 1039 0 0 1 0.88498396 -0.290563801 0.36383522 0.131414013 0.905496213 0.403493451 -0.446692005 -0.309272186 0.83953378 -0.431957308 -2.17221322 3.47732773
DSCF5637.JPG 3222.70108 0 1559 0 3222.70108 1039 0 0 1 0.875004453 -0.302703966 0.377806189 0.169950739 0.922804948 0.345756814 -0.45330338 -0.23833031 0.858903201 -0.376623519 -2.11792833 3.36978795
DSCF5638.JPG 3222.70108 0 1559 0 3222.70108 1039 0 0 1 0.867775505 -0.313048454 0.385961576 0.201633365 0.931642527 0.302301485 -0.454213231 -0.184507092 0.871577578 -0.293782532 -1.97230636 3.28066119
DSCF5639.JPG 3222.70108 0 1559 0 3222.70108 1039 0 0 1 0.868308037 -0.316793103 0.381684795 0.230976911 0.939201609 0.254066928 -0.438965624 -0.132447981 0.888688198 -0.293788766 -1.91052744 3.19548524
DSCF5640.JPG 3222.70108 0 1559 0 3222.70108 1039 0 0 1 0.887682525 -0.303565899 0.346218833 0.244397896 0.947870844 0.204476236 -0.39024275 -0.0968948274 0.915599251 -0.384984845 -1.81546552 3.04459806
DSCF5641.JPG 3222.70108 0 1559 0 3222.70108 1039 0 0 1 0.897086779 -0.287061363 0.335903385 0.248055914 0.95630165 0.154775381 -0.365654993 -0.0555241271 0.929092836 -0.442337596 -1.7335405 2.90680554
DSCF5642.JPG 3222.70108 0 1559 0 3222.70108 1039 0 0 1 0.878846715 -0.316635012 0.356890348 0.29495662 0.948538971 0.115214637 -0.375005391 0.00401116516 0.927013952 -0.341508668 -1.65967091 2.7839038
DSCF5643.JPG 3222.70108 0 1559 0 3222.70108 1039 0 0 1 0.858889388 -0.354911811 0.369251439 0.35720501 0.931780588 0.0647264749 -0.367033513 0.0763055813 0.927072736 -0.314182994 -1.65103095 2.66409912
DSCF5644.JPG 3222.70108 0 1559 0 3222.70108 1039 0 0 1 0.836635476 -0.381184015 0.393369834 0.403606514 0.91451101 0.0277739915 -0.370328046 0.135529921 0.918960706 -0.286000181 -1.64155173 2.63849741
DSCF5645.JPG 3222.70108 0 1559 0 3222.70108 1039 0 0 1 0.806568935 -0.405583825 0.430056176 0.437720627 0.898716539 0.0266314761 -0.397299894 0.166764338 0.902409247 -0.26633892 -1.54353848 2.64576054
DSCF5646.JPG 3222.70108 0 1559 0 3222.70108 1039 0 0 1 0.75894718 -0.438517766 0.48135366 0.459864353 0.884326888 0.0805650824 -0.461003204 0.160212747 0.872816087 -0.248813733 -1.48163299 2.70886936
DSCF5647.JPG 3222.70108 0 1559 0 3222.70108 1039 0 0 1 0.739014305 -0.441907996 0.508502882 0.431609192 0.89012045 0.146284278 -0.517273006 0.111368344 0.848543298 -0.309166075 -1.45934079 2.79459016
DSCF5648.JPG 3222.70108 0 1559 0 3222.70108 1039 0 0 1 0.716688588 -0.449904124 0.532863722 0.432836713 0.886063922 0.165961156 -0.546817928 0.111700516 0.829766924 -0.251500223 -1.66877021 2.74883155
DSCF5649.JPG 3222.70108 0 1559 0 3222.70108 1039 0 0 1 0.712150099 -0.450234424 0.538638282 0.399248156 0.890846755 0.216778617 -0.577445362 0.0606714271 0.814171869 -0.316115958 -1.67293112 2.81488257
DSCF5650.JPG 3222.70108 0 1559 0 3222.70108 1039 0 0 1 0.700564866 -0.451506741 0.552585317 0.35613996 0.892264579 0.277539638 -0.618363322 0.00236319288 0.785888807 -0.288344384 -1.61587451 2.94858334
DSCF5651.JPG 3222.70108 0 1559 0 3222.70108 1039 0 0 1 0.694720363 -0.447809822 0.562876523 0.342478959 0.894095354 0.288620271 -0.632512277 -0.00773701388 0.77451169 -0.290480523 -1.77538353 2.94639727
DSCF5652.JPG 3222.70108 0 1559 0 3222.70108 1039 0 0 1 0.684927381 -0.469529944 0.557149992 0.331627159 0.88177058 0.335416265 -0.648766452 -0.0449697145 0.759657696 -0.261632486 -1.86169013 3.01411016
DSCF5653.JPG 3222.70108 0 1559 0 3222.70108 1039 0 0 1 0.6746649 -0.479182753 0.561436695 0.312352483 0.874508186 0.371040912 -0.668777391 -0.0749621345 0.739673901 -0.223082267 -1.95397739 3.11011973
DSCF5654.JPG 3222.70108 0 1559 0 3222.70108 1039 0 0 1 0.677125631 -0.480278491 0.557524395 0.308105126 0.873073483 0.377907297 -0.668260512 -0.0841145927 0.739156698 -0.208252162 -2.17665873 3.10872175
DSCF5655.JPG 3222.70108 0 1559 0 3222.70108 1039 0 0 1 0.715396858 -0.447553059 0.536566487 0.255168948 0.882235169 0.395663892 -0.65045841 -0.146141599 0.745349911 -0.32220769 -2.18207104 3.12212924
DSCF5656.JPG 3222.70108 0 1559 0 3222.70108 1039 0 0 1 0.732865244 -0.420060889 0.535217137 0.197568456 0.884144278 0.423385877 -0.651057017 -0.20454277 0.730949394 -0.447159633 -2.13497773 3.21016582
DSCF5657.JPG 3222.70108 0 1559 0 3222.70108 1039 0 0 1 0.692093757 -0.452284249 0.562534612 0.197810727 0.868350593 0.45479464 -0.694173716 -0.203485151 0.6904467 -0.368007612 -2.19095525 3.24899801
DSCF5658.JPG 3222.70108 0 1559 0 3222.70108 1039 0 0 1 0.642765766 -0.482372744 0.595120749 0.187139574 0.852191634 0.488618664 -0.742853249 -0.202696707 0.638030638 -0.217560072 -2.31470254 3.31423928
DSCF5659.JPG 3222.70108 0 1559 0 3222.70108 1039 0 0 1 0.587821352 -0.495318152 0.63962957 0.154559927 0.844847837 0.512194652 -0.794088967 -0.202217853 0.573175935 -0.202054338 -2.31059866 3.37137931
DSCF5660.JPG 3222.70108 0 1559 0 3222.70108 1039 0 0 1 0.541258486 -0.536909503 0.647122428 0.160178482 0.821343104 0.547483661 -0.825458724 -0.192675089 0.530560274 -0.281036455 -2.14020609 3.44710346
DSCF5661.JPG 3222.70108 0 1559 0 3222.70108 1039 0 0 1 0.492164783 -0.550804838 0.674082975 0.174390827 0.821049845 0.543566915 -0.852855009 -0.149970605 0.50014713 -0.296807497 -2.10577992 3.54959089
DSCF5662.JPG 3222.70108 0 1559 0 3222.70108 1039 0 0 1 0.452184075 -0.567347372 0.688219821 0.210753416 0.817726472 0.535636457 -0.866667502 -0.0971615975 0.489333286 -0.243097091 -2.10551603 3.73887468
DSCF5663.JPG 3222.70108 0 1559 0 3222.70108 1039 0 0 1 0.45229151 -0.559058923 0.694899641 0.277470452 0.828686807 0.486094975 -0.847609897 -0.0270425124 0.529930339 -0.346595011 -2.16967167 3.76624945
DSCF5664.JPG 3222.70108 0 1559 0 3222.70108 1039 0 0 1 0.433934024 -0.575762994 0.692963374 0.345458009 0.816695157 0.462242128 -0.832081743 0.0388071604 0.553293754 -0.207776869 -2.15683818 3.66451026
DSCF5665.JPG 3222.70108 0 1559 0 3222.70108 1039 0 0 1 0.451923154 -0.579787446 0.677946886 0.4159752 0.809262916 0.414798947 -0.789132496 0.0945518428 0.606901848 -0.237573173 -2.22277493 3.45553878
DSCF5666.JPG 3222.70108 0 1559 0 3222.70108 1039 0 0 1 0.465273383 -0.580276364 0.668431014 0.454992585 0.804531191 0.381721509 -0.759277569 0.126526298 0.638348392 -0.293036482 -2.19238911 3.29993051
DSCF5667.JPG 3222.70108 0 1559 0 3222.70108 1039 0 0 1 0.414459437 -0.5919528 0.691241823 0.503235761 0.781931229 0.367882211 -0.758272473 0.195385351 0.621970595 -0.261398487 -2.16777589 3.1734926
DSCF5668.JPG 3222.70108 0 1559 0 3222.70108 1039 0 0 1 0.334022756 -0.624884817 0.705654139 0.55712081 0.73476822 0.386952277 -0.760292839 0.26388374 0.593565642 -0.145976607 -2.19476716 3.12027287
DSCF5669.JPG 3222.70108 0 1559 0 3222.70108 1039 0 0 1 0.314101317 -0.613813361 0.724274479 0.601315389 0.718980367 0.348549904 -0.734683718 0.326037406 0.5949281 -0.119506183 -2.24774585 3.00618022
DSCF5670.JPG 3222.70108 0 1559 0 3222.70108 1039 0 0 1 0.330320283 -0.624724058 0.707536827 0.619401057 0.709098517 0.3369297 -0.712201405 0.326954345 0.621184365 -0.173769831 -2.10601049 2.91989667
DSCF5671.JPG 3222.70108 0 1559 0 3222.70108 1039 0 0 1 0.345701891 -0.623276556 0.701438905 0.630285672 0.70802592 0.318495319 -0.695147591 0.332002458 0.637608183 -0.205006285 -1.94089773 2.88290699
DSCF5672.JPG 3222.70108 0 1559 0 3222.70108 1039 0 0 1 0.320080777 -0.63458493 0.703455942 0.656949983 0.683672568 0.317818408 -0.682616302 0.360407806 0.635721006 -0.132789666 -1.84781854 2.85607784
DSCF5673.JPG 3222.70108 0 1559 0 3222.70108 1039 0 0 1 0.24695005 -0.651685666 0.717162092 0.706439987 0.627656195 0.327093635 -0.663293463 0.42585619 0.615376542 -0.0839496558 -1.82071509 2.77331333
DSCF5674.JPG 3222.70108 0 1559 0 3222.70108 1039 0 0 1 0.153099555 -0.643608995 0.749885316 0.703047674 0.604208665 0.375041141 -0.694467058 0.469786495 0.544991885 -0.0323358959 -1.6906718 2.8144097
DSCF5675.JPG 3222.70108 0 1559 0 3222.70108 1039 0 0 1 0.110108412 -0.652658043 0.749608975 0.674110013 0.60325525 0.426214492 -0.730377866 0.458389116 0.5063868 -0.0770919049 -1.80931248 2.8833761
DSCF5676.JPG 3222.70108 0 1559 0 3222.70108 1039 0 0 1 0.0852340956 -0.660376662 0.74608164 0.623056313 0.619664234 0.477301863 -0.777519119 0.424168483 0.464268368 -0.0151966621 -1.90104034 2.93857567
DSCF5677.JPG 3222.70108 0 1559 0 3222.70108 1039 0 0 1 0.0942295219 -0.669865584 0.736478714 0.607920895 0.624547871 0.490277617 -0.788386316 0.401522174 0.466076133 0.0608188867 -2.07255421 2.86105432
DSCF5678.JPG 3222.70108 0 1559 0 3222.70108 1039 0 0 1 0.146027721 -0.65225886 0.743797207 0.549546989 0.678664134 0.487250552 -0.822601977 0.337599427 0.457550669 -0.0112191501 -2.06746874 2.94007539
DSCF5679.JPG 3222.70108 0 1559 0 3222.70108 1039 0 0 1 0.168375238 -0.663405848 0.729069585 0.502626295 0.694033348 0.515445943 -0.847948458 0.279661211 0.450303253 -0.0576550389 -2.13212396 3.06626603
DSCF5680.JPG 3222.70108 0 1559 0 3222.70108 1039 0 0 1 0.124739468 -0.666780163 0.734740961 0.471814337 0.691302788 0.547258337 -0.872829477 0.278396606 0.400829182 0.113827103 -2.24174953 3.11604725
DSCF5681.JPG 3222.70108 0 1559 0 3222.70108 1039 0 0 1 0.134827447 -0.666813921 0.732926159 0.416309854 0.709348728 0.568779824 -0.899170543 0.228437251 0.373240884 0.0463200346 -2.2424391 3.2272788
DSCF5682.JPG 3222.70108 0 1559 0 3222.70108 1039 0 0 1 0.145843597 -0.653853655 0.742431844 0.351799738 0.735681126 0.578800678 -0.924644034 0.176772955 0.337319926 -0.0623876683 -2.19932772 3.36660757
DSCF5683.JPG 3222.70108 0 1559 0 3222.70108 1039 0 0 1 0.13626298 -0.632967411 0.762092289 0.282955855 0.762088748 0.582371637 -0.949404226 0.13628278 0.282946319 -0.0972479286 -2.12657447 3.52011193
DSCF5684.JPG 3222.70108 0 1559 0 3222.70108 1039 0 0 1 0.136221451 -0.614430324 0.777122315 0.233081381 0.782292033 0.577661013 -0.962869039 0.102442921 0.249777224 -0.193239542 -2.14109441 3.64029886
DSCF5685.JPG 3222.70108 0 1559 0 3222.70108 1039 0 0 1 0.0759137905 -0.616748581 0.783491088 0.207415739 0.778337787 0.59259514 -0.975302931 0.117522239 0.187009934 -0.0265144043 -2.23765684 3.70133528
DSCF5686.JPG 3222.70108 0 1559 0 3222.70108 1039 0 0 1 0.0479418026 -0.595374849 0.802016442 0.194274039 0.793163964 0.577190197 -0.979775067 0.128139435 0.153691587 -0.169202787 -2.35752679 3.71594807
DSCF5687.JPG 3222.70108 0 1559 0 3222.70108 1039 0 0 1 -0.0238167711 -0.591209955 0.806165957 0.20162545 0.786983389 0.583098897 -0.97917309 0.176431107 0.10045957 -0.0750447945 -2.43312537 3.8101433
DSCF5688.JPG 3222.70108 0 1559 0 3222.70108 1039 0 0 1 -0.0870976655 -0.60426595 0.792007992 0.212801074 0.765393364 0.607362084 -0.973205888 0.221439971 0.0619244677 0.0357784154 -2.42655077 3.96701891
DSCF5689.JPG 3222.70108 0 1559 0 3222.70108 1039 0 0 1 -0.134761878 -0.621357279 0.77185126 0.270652161 0.726253348 0.631904646 -0.953198114 0.294059869 0.0703004257 0.10289263 -2.59906693 3.98852685
DSCF5690.JPG 3222.70108 0 1559 0 3222.70108 1039 0 0 1 -0.147964325 -0.633656864 0.759332297 0.302931107 0.701841228 0.644710505 -0.941455948 0.325419528 0.0881069121 0.0421859327 -2.48204864 3.9709784
DSCF5691.JPG 3222.70108 0 1559 0 3222.70108 1039 0 0 1 -0.146545337 -0.640186602 0.754112444 0.345054582 0.68137743 0.645493713 -0.927071626 0.354804048 0.121046635 -0.0577245254 -2.35564966 3.90839548
DSCF5692.JPG 3222.70108 0 1559 0 3222.70108 1039 0 0 1 -0.144837415 -0.641455255 0.753363976 0.403162956 0.65706224 0.63696848 -0.9035938 0.395985315 0.1634438 -0.0256289102 -2.25656331 3.76635544
DSCF5693.JPG 3222.70108 0 1559 0 3222.70108 1039 0 0 1 -0.123640395 -0.648700694 0.750933061 0.475689548 0.625379994 0.618562298 -0.870880305 0.433690296 0.23125791 -0.0298225532 -2.32620598 3.56158535
DSCF5694.JPG 3222.70108 0 1559 0 3222.70108 1039 0 0 1 -0.112133235 -0.644739706 0.756132825 0.537702593 0.600535284 0.591805115 -0.835644697 0.472935603 0.279338247 -0.0831254714 -2.35058695 3.35123809
DSCF5695.JPG 3222.70108 0 1559 0 3222.70108 1039 0 0 1 -0.166437572 -0.641097824 0.74919431 0.576671512 0.553024826 0.601343087 -0.799842798 0.532125099 0.277658742 -0.000838207477 -2.30836791 3.15901554
DSCF5696.JPG 3222.70108 0 1559 0 3222.70108 1039 0 0 1 -0.214412854 -0.633835546 0.743155185 0.59221928 0.520681172 0.614953203 -0.776726112 0.5719647 0.263728895 0.0235593956 -2.17680682 3.08545471
DSCF5697.JPG 3222.70108 0 1559 0 3222.70108 1039 0 0 1 -0.250998234 -0.633440981 0.731951098 0.627214771 0.469520021 0.621411764 -0.737293373 0.615063796 0.279454844 0.10259678 -2.12941295 3.00036314
DSCF5698.JPG 3222.70108 0 1559 0 3222.70108 1039 0 0 1 -0.252626526 -0.643635739 0.722435377 0.664402801 0.427394161 0.613109411 -0.70338379 0.634875788 0.319662286 0.170603526 -2.11126547 2.88188884
DSCF5699.JPG 3222.70108 0 1559 0 3222.70108 1039 0 0 1 -0.258405821 -0.640178121 0.723462788 0.689912515 0.401913843 0.60206809 -0.676200527 0.65470393 0.337810021 0.239059826 -2.04892385 2.82971575
DSCF5700.JPG 3222.70108 0 1559 0 3222.70108 1039 0 0 1 -0.320197825 -0.628996835 0.708404076 0.697694542 0.3492767 0.625482304 -0.640855428 0.694527731 0.327010018 0.321842545 -1.92234521 2.820526
DSCF5701.JPG 3222.70108 0 1559 0 3222.70108 1039 0 0 1 -0.428112319 -0.626413002 0.651403557 0.621747134 0.318948332 0.715333812 -0.655858478 0.711251512 0.252924779 0.331139885 -1.85245163 2.86439984
DSCF5702.JPG 3222.70108 0 1559 0 3222.70108 1039 0 0 1 -0.508693768 -0.595187909 0.622078776 0.564146457 0.315380999 0.763068542 -0.650360996 0.739111749 0.175340801 0.385645332 -1.92553468 2.89762284
DSCF5703.JPG 3222.70108 0 1559 0 3222.70108 1039 0 0 1 -0.539810275 -0.582270163 0.607919669 0.499147995 0.360112487 0.788143563 -0.677831945 0.728889878 0.0962465639 0.446909872 -1.91872825 3.04311123
DSCF5704.JPG 3222.70108 0 1559 0 3222.70108 1039 0 0 1 -0.520065391 -0.581067294 0.62601341 0.485233525 0.402170168 0.776406841 -0.70290854 0.70754502 0.0727985459 0.416356966 -2.03791806 3.13114002
DSCF5705.JPG 3222.70108 0 1559 0 3222.70108 1039 0 0 1 -0.507911756 -0.588626787 0.62892301 0.45262254 0.438830922 0.776247549 -0.732910966 0.678929987 0.0435383671 0.390451844 -2.10158859 3.24965904
DSCF5706.JPG 3222.70108 0 1559 0 3222.70108 1039 0 0 1 -0.513018387 -0.598270292 0.615536183 0.388710709 0.477432701 0.788011422 -0.765320925 0.643529855 -0.0123776852 0.35695978 -2.10475399 3.37842486
DSCF5707.JPG 3222.70108 0 1559 0 3222.70108 1039 0 0 1 -0.544954786 -0.595223526 0.590536396 0.342607777 0.484749198 0.80475967 -0.765273933 0.640879996 -0.0602381865 0.470282792 -2.22409597 3.43132682
DSCF5708.JPG 3222.70108 0 1559 0 3222.70108 1039 0 0 1 -0.499035431 -0.596045884 0.629041289 0.335435052 0.536440878 0.774412365 -0.799028764 0.597461705 -0.0677683228 0.281092287 -2.31655672 3.55682574
DSCF5709.JPG 3222.70108 0 1559 0 3222.70108 1039 0 0 1 -0.474317014 -0.59431524 0.649471143 0.31008764 0.57767325 0.755075673 -0.823935086 0.559538212 -0.0897104411 0.18473524 -2.35518435 3.72694726
DSCF5710.JPG 3222.70108 0 1559 0 3222.70108 1039 0 0 1 -0.484087861 -0.588800416 0.647281247 0.27082176 0.602592809 0.750691335 -0.832054395 0.53869841 -0.132247899 0.276735033 -2.37187993 3.87545887
DSCF5711.JPG 3222.70108 0 1559 0 3222.70108 1039 0 0 1 -0.469199489 -0.588343244 0.65856212 0.233231317 0.63670784 0.734987265 -0.851736457 0.49845296 -0.161522923 0.129609228 -2.36301629 3.99167174
DSCF5712.JPG 3222.70108 0 1559 0 3222.70108 1039 0 0 1 -0.487021478 -0.574418801 0.657915741 0.198667298 0.660683298 0.723898394 -0.850494788 0.483260408 -0.207648725 0.127284404 -2.37400582 4.04265584
DSCF5713.JPG 3222.70108 0 1559 0 3222.70108 1039 0 0 1 -0.545352922 -0.552049885 0.630738547 0.183518964 0.655590434 0.732476602 -0.817869782 0.51521074 -0.256216536 0.260654712 -2.49655092 4.0657308
DSCF5714.JPG 3222.70108 0 1559 0 3222.70108 1039 0 0 1 -0.625083871 -0.513298302 0.588043372 0.175492095 0.641657924 0.746644248 -0.760573914 0.56991224 -0.311010225 0.425383163 -2.51773837 4.03706558
DSCF5715.JPG 3222.70108 0 1559 0 3222.70108 1039 0 0 1 -0.660040419 -0.505218295 0.555968632 0.189208158 0.604419016 0.773872035 -0.727012324 0.615980622 -0.303349558 0.39176125 -2.61293591 3.93537618
DSCF5716.JPG 3222.70108 0 1559 0 3222.70108 1039 0 0 1 -0.689079586 -0.485547976 0.537970713 0.226108697 0.561239517 0.79616899 -0.688508665 0.670263655 -0.276952074 0.428225976 -2.64662664 3.819483
DSCF5717.JPG 3222.70108 0 1559 0 3222.70108 1039 0 0 1 -0.7026382 -0.47694127 0.528040325 0.240696136 0.539037997 0.80715761 -0.669600575 0.694237036 -0.263950767 0.431335949 -2.52024779 3.80716072
DSCF5718.JPG 3222.70108 0 1559 0 3222.70108 1039 0 0 1 -0.717989593 -0.466702772 0.516410173 0.254637401 0.514368729 0.818892303 -0.647804552 0.719453496 -0.250471413 0.45778531 -2.41655401 3.77102327
DSCF5719.JPG 3222.70108 0 1559 0 3222.70108 1039 0 0 1 -0.730318571 -0.468974304 0.49668691 0.277487091 0.460738185 0.843042845 -0.624208057 0.753514052 -0.206351338 0.477703551 -2.37198176 3.68819792
DSCF5720.JPG 3222.70108 0 1559 0 3222.70108 1039 0 0 1 -0.734215015 -0.474191332 0.485871272 0.304070914 0.41018765 0.859817987 -0.607016631 0.779030598 -0.15697814 0.395324546 -2.34847354 3.57042931
DSCF5721.JPG 3222.70108 0 1559 0 3222.70108 1039 0 0 1 -0.767108191 -0.45036255 0.456857304 0.337699733 0.322007188 0.884460435 -0.545439193 0.832757434 -0.0949270389 0.458394683 -2.41663148 3.30535427
DSCF5722.JPG 3222.70108 0 1559 0 3222.70108 1039 0 0 1 -0.805633803 -0.416193546 0.42158879 0.318431206 0.295871006 0.90058976 -0.499555544 0.85979258 -0.105834671 0.550134617 -2.18758126 3.34642881
DSCF5723.JPG 3222.70108 0 1559 0 3222.70108 1039 0 0 1 -0.850841521 -0.37540253 0.367616167 0.30419549 0.218523086 0.92720697 -0.428408461 0.900733369 -0.0717327585 0.726802954 -2.15171755 3.24217429
DSCF5724.JPG 3222.70108 0 1559 0 3222.70108 1039 0 0 1 -0.8695498 -0.360590674 0.337427785 0.288644886 0.183305488 0.939725081 -0.400708466 0.914534561 -0.0553105966 0.836499453 -1.95752364 3.22392223
DSCF5725.JPG 3222.70108 0 1559 0 3222.70108 1039 0 0 1 -0.87069619 -0.357590019 0.33766481 0.303332474 0.149988241 0.941006343 -0.387140227 0.92175534 -0.0221255249 0.90132652 -1.87047218 3.2034492
DSCF5726.JPG 3222.70108 0 1559 0 3222.70108 1039 0 0 1 -0.871317697 -0.365758994 0.327148025 0.306150539 0.115842944 0.944908599 -0.383506609 0.923472128 0.0110413059 0.862229125 -1.78877955 3.21192273
DSCF5727.JPG 3222.70108 0 1559 0 3222.70108 1039 0 0 1 -0.888055791 -0.329514431 0.320588759 0.293873862 0.129390235 0.947046103 -0.353546412 0.935242432 -0.0180700688 0.86025144 -1.71335714 3.2459126
DSCF5728.JPG 3222.70108 0 1559 0 3222.70108 1039 0 0 1 -0.906064793 -0.293679989 0.304628716 0.258120539 0.186852591 0.947871245 -0.335291481 0.937463692 -0.0934957174 0.763640787 -1.67498019 3.30751713
DSCF5729.JPG 3222.70108 0 1559 0 3222.70108 1039 0 0 1 -0.931633552 -0.272125632 0.240845523 0.186122725 0.211920434 0.959399844 -0.312117377 0.938635909 -0.146783423 0.751056656 -1.70265293 3.33437248
DSCF5730.JPG 3222.70108 0 1559 0 3222.70108 1039 0 0 1 -0.942792506 -0.25946916 0.209327604 0.145189164 0.245658633 0.958421589 -0.300103978 0.933984792 -0.193933008 0.804554425 -1.79343492 3.3916116
DSCF5731.JPG 3222.70108 0 1559 0 3222.70108 1039 0 0 1 -0.926991672 -0.287404945 0.241007961 0.149972612 0.304942031 0.940488476 -0.343794496 0.907969578 -0.239575853 0.679544591 -1.87693313 3.54514755
DSCF5732.JPG 3222.70108 0 1559 0 3222.70108 1039 0 0 1 -0.920044768 -0.291183506 0.262163672 0.160731433 0.32972157 0.930295164 -0.357327625 0.898051141 -0.256556263 0.625017421 -2.14373299 3.61338305
DSCF5733.JPG 3222.70108 0 1559 0 3222.70108 1039 0 0 1 -0.927269057 -0.273277403 0.255913182 0.138197821 0.385433321 0.912328075 -0.347956115 0.881340238 -0.319634051 0.706329654 -2.10855912 3.73537002
DSCF5734.JPG 3222.70108 0 1559 0 3222.70108 1039 0 0 1 -0.927944019 -0.265219528 0.261874971 0.122566564 0.446392434 0.886403538 -0.351990534 0.854629977 -0.381720142 0.61906909 -2.04128087 3.83089112
DSCF5735.JPG 3222.70108 0 1559 0 3222.70108 1039 0 0 1 -0.939499837 -0.248137455 0.236152195 0.101457652 0.456892769 0.883716778 -0.327179463 0.854211216 -0.404075238 0.651672101 -2.21299345 3.82384238
DSCF5736.JPG 3222.70108 0 1559 0 3222.70108 1039 0 0 1 -0.945703685 -0.236680023 0.222771422 0.0833900868 0.485767216 0.870101319 -0.314150654 0.841434952 -0.439655078 0.625930976 -2.26783763 3.85184237
DSCF5737.JPG 3222.70108 0 1559 0 3222.70108 1039 0 0 1 -0.949042842 -0.220582363 0.22508022 0.0794946381 0.523552623 0.848276637 -0.304956205 0.822943541 -0.479338754 0.578158432 -2.2824429 3.89644688
DSCF5738.JPG 3222.70108 0 1559 0 3222.70108 1039 0 0 1 -0.956064188 -0.206291099 0.208291263 0.0650801313 0.543427737 0.83692943 -0.285842342 0.813713879 -0.506126346 0.612441187 -2.38048516 3.93991801
DSCF5739.JPG 3222.70108 0 1559 0 3222.70108 1039 0 0 1 -0.961779837 -0.203633283 0.183065648 0.0323772991 0.579291285 0.814477328 -0.271903027 0.789275042 -0.550557582 0.663534589 -2.35637385 4.02910004
DSCF5740.JPG 3222.70108 0 1559 0 3222.70108 1039 0 0 1 -0.974950026 -0.16033369 0.154160809 0.03693231 0.56677841 0.823042063 -0.21933639 0.808118396 -0.546659132 0.684000607 -2.4354883 3.97561184
DSCF5741.JPG 3222.70108 0 1559 0 3222.70108 1039 0 0 1 -0.986031665 -0.120659416 0.114816641 0.0331251803 0.533516265 0.845140886 -0.163230751 0.837138997 -0.522067066 0.704846416 -2.48578534 3.80953397
DSCF5742.JPG 3222.70108 0 1559 0 3222.70108 1039 0 0 1 -0.989719269 -0.10609472 0.0959149556 0.0297354801 0.503330265 0.863582333 -0.139898426 0.857556153 -0.495000885 0.668921447 -2.38945392 3.6846243
DSCF5743.JPG 3222.70108 0 1559 0 3222.70108 1039 0 0 1 -0.992142035 -0.0962039711 0.0799936203 0.028706691 0.447263295 0.893941537 -0.121778936 0.889213327 -0.440987017 0.604968312 -2.35753915 3.51389597
DSCF5744.JPG 3222.70108 0 1559 0 3222.70108 1039 0 0 1 -0.995518314 -0.0730410359 0.0600690737 0.0267056349 0.392204094 0.919490488 -0.0907198744 0.916973803 -0.388495751 0.597920558 -2.33628165 3.38705184
DSCF5745.JPG 3222.70108 0 1559 0 3222.70108 1039 0 0 1 -0.997581938 -0.0618374277 0.0317239717 0.00918563406 0.335143871 0.942122184 -0.0688905072 0.940135479 -0.333765456 0.714110373 -2.30307797 3.29475038
DSCF5746.JPG 3222.70108 0 1559 0 3222.70108 1039 0 0 1 -0.996319495 -0.0766492019 0.0383713895 0.0178661323 0.252123895 0.967530022 -0.0838347481 0.964654571 -0.249826527 0.754506689 -2.29069 3.13133609
DSCF5747.JPG 3222.70108 0 1559 0 3222.70108 1039 0 0 1 -0.993290502 -0.0963308397 0.0639870886 0.0448045838 0.189532958 0.980851572 -0.106613918 0.977137466 -0.183945224 0.640125773 -2.30453842 3.02927134
DSCF5748.JPG 3222.70108 0 1559 0 3222.70108 1039 0 0 1 -0.99567289 -0.0818996885 0.0439082893 0.0273431561 0.193381541 0.980742541 -0.0888135612 0.977699351 -0.190305361 0.677027139 -2.03601424 3.0031945
DSCF5749.JPG 3222.70108 0 1559 0 3222.70108 1039 0 0 1 -0.998953183 -0.0457189947 0.00152026302 -0.00496856973 0.141479937 0.989928654 -0.0454736297 0.988884827 -0.141558991 0.7435385 -1.92893358 2.83371
DSCF5750.JPG 3222.70108 0 1559 0 3222.70108 1039 0 0 1 -0.999202114 0.000249805511 -0.0399383533 -0.0395960042 0.124602268 0.991416376 0.00522407068 0.992206739 -0.124492959 0.806392629 -1.72523207 2.78498331
DSCF5751.JPG 3222.70108 0 1559 0 3222.70108 1039 0 0 1 -0.993109769 0.0610155019 -0.100050461 -0.0953216805 0.076030889 0.992538705 0.0681671728 0.995236862 -0.0696909185 0.852404212 -1.69954457 2.70844371
DSCF5752.JPG 3222.70108 0 1559 0 3222.70108 1039 0 0 1 -0.98377638 0.105557926 -0.145057086 -0.140205815 0.0520519088 0.988753219 0.111921238 0.99304991 -0.0364076033 0.826802359 -1.61187456 2.72009143
DSCF5753.JPG 3222.70108 0 1559 0 3222.70108 1039 0 0 1 -0.97797324 0.149518694 -0.145645126 -0.137918158 0.0608645479 0.988571742 0.156674581 0.986883816 -0.0389025562 0.937624257 -1.48188472 2.68445243
DSCF5754.JPG 3222.70108 0 1559 0 3222.70108 1039 0 0 1 -0.978592081 0.134684349 -0.15562026 -0.140511536 0.115270114 0.983345976 0.150379678 0.984161027 -0.0938777161 0.882126847 -1.43388847 2.65672931
DSCF5755.JPG 3222.70108 0 1559 0 3222.70108 1039 0 0 1 -0.962410048 0.156126377 -0.222241882 -0.192287585 0.186212291 0.963509454 0.19181341 0.970025534 -0.149191416 0.893367657 -1.47679992 2.73412042
DSCF5756.JPG 3222.70108 0 1559 0 3222.70108 1039 0 0 1 -0.943363644 0.156401665 -0.292580852 -0.245305663 0.264915016 0.932547675 0.223361071 0.951503312 -0.211544981 0.885723647 -1.60996818 2.86326984
DSCF5757.JPG 3222.70108 0 1559 0 3222.70108 1039 0 0 1 -0.932610107 0.172690444 -0.316885468 -0.250782286 0.321306754 0.913164944 0.259512301 0.931096118 -0.256346221 0.91288926 -1.72999889 2.94798852
DSCF5758.JPG 3222.70108 0 1559 0 3222.70108 1039 0 0 1 -0.9259261 0.168514351 -0.338029245 -0.262967402 0.354806786 0.897195793 0.271125436 0.919627674 -0.284211082 0.982555112 -1.87976594 2.98397501
DSCF5759.JPG 3222.70108 0 1559 0 3222.70108 1039 0 0 1 -0.937033831 0.177518798 -0.300756838 -0.205899749 0.414781485 0.886319137 0.282086675 0.892436775 -0.352113208 0.926522915 -1.89367194 3.10113994
DSCF5760.JPG 3222.70108 0 1559 0 3222.70108 1039 0 0 1 -0.951635379 0.169203202 -0.256437871 -0.149831267 0.4730937 0.868177944 0.268217629 0.864611258 -0.424860772 0.7897093 -1.91071341 3.26535103
DSCF5761.JPG 3222.70108 0 1559 0 3222.70108 1039 0 0 1 -0.947000138 0.184183255 -0.263186754 -0.140328124 0.499798644 0.854698387 0.288961514 0.846331994 -0.447463294 0.877840126 -2.1176377 3.36366837
DSCF5762.JPG 3222.70108 0 1559 0 3222.70108 1039 0 0 1 -0.937784533 0.191629294 -0.289548585 -0.135014319 0.567031766 0.812555297 0.319892644 0.801094994 -0.505880921 0.945078934 -2.09380735 3.54816743
DSCF5763.JPG 3222.70108 0 1559 0 3222.70108 1039 0 0 1 -0.908566393 0.260491793 -0.326574853 -0.115948417 0.593793593 0.796219275 0.401326642 0.761283912 -0.509297292 1.01955435 -2.17775967 3.6037013
DSCF5764.JPG 3222.70108 0 1559 0 3222.70108 1039 0 0 1 -0.87973688 0.293488239 -0.374069078 -0.131061417 0.606581361 0.784144093 0.457040399 0.738866501 -0.495167009 1.00210467 -2.18127248 3.60811659
DSCF5765.JPG 3222.70108 0 1559 0 3222.70108 1039 0 0 1 -0.845736407 0.329529918 -0.419690319 -0.158126614 0.596421013 0.786942151 0.509633108 0.731909836 -0.452307514 1.05406603 -2.10576509 3.59157034
DSCF5766.JPG 3222.70108 0 1559 0 3222.70108 1039 0 0 1 -0.838179827 0.319977036 -0.441666474 -0.20665983 0.563090492 0.800137996 0.504723977 0.761934245 -0.405844691 0.862012105 -2.11971853 3.55009806
DSCF5767.JPG 3222.70108 0 1559 0 3222.70108 1039 0 0 1 -0.820869022 0.347789001 -0.453008675 -0.234818317 0.517523054 0.822818478 0.520609649 0.781800934 -0.343151415 0.771446027 -2.07036635 3.42203227
DSCF5768.JPG 3222.70108 0 1559 0 3222.70108 1039 0 0 1 -0.803409336 0.367734247 -0.468300078 -0.271361731 0.473935462 0.837703998 0.529996463 0.800097933 -0.280975173 0.787120034 -1.97538923 3.32279546
DSCF5769.JPG 3222.70108 0 1559 0 3222.70108 1039 0 0 1 -0.78902381 0.388416581 -0.475997885 -0.308578196 0.419406563 0.853743306 0.531244693 0.820506364 -0.211064876 0.862126215 -1.95291546 3.17888736
DSCF5770.JPG 3222.70108 0 1559 0 3222.70108 1039 0 0 1 -0.801186653 0.382001906 -0.460624023 -0.337839529 0.346600065 0.875061625 0.493927525 0.856704698 -0.148636002 0.829757592 -1.99084861 3.02499341
DSCF5771.JPG 3222.70108 0 1559 0 3222.70108 1039 0 0 1 -0.810947985 0.377958361 -0.446666366 -0.346936816 0.304111598 0.887215296 0.471166861 0.874450464 -0.115491017 0.807596027 -1.86968188 2.9608763
DSCF5772.JPG 3222.70108 0 1559 0 3222.70108 1039 0 0 1 -0.807333413 0.381877566 -0.449869185 -0.383942318 0.238991058 0.89189213 0.448108308 0.892778135 -0.0463265084 0.824892014 -1.87348859 2.83586716
DSCF5773.JPG 3222.70108 0 1559 0 3222.70108 1039 0 0 1 -0.810001353 0.374308567 -0.451432059 -0.385782645 0.23965532 0.890919232 0.441666796 0.895800438 -0.0497193844 0.772825925 -1.66941762 2.86755053
DSCF5774.JPG 3222.70108 0 1559 0 3222.70108 1039 0 0 1 -0.792799366 0.392623566 -0.466171535 -0.415448974 0.211515903 0.884682526 0.445949902 0.895046232 -0.00457461655 0.738783596 -1.58339762 2.84746242
DSCF5775.JPG 3222.70108 0 1559 0 3222.70108 1039 0 0 1 -0.775550595 0.408693699 -0.48113484 -0.445392709 0.18587726 0.875828168 0.447377479 0.893543007 0.0378719743 0.663849869 -1.45778147 2.83264712
DSCF5776.JPG 3222.70108 0 1559 0 3222.70108 1039 0 0 1 -0.753036278 0.416357022 -0.509493075 -0.490656122 0.160588154 0.856427472 0.438398145 0.894906852 0.083359416 0.826574749 -1.35659693 2.73835799
DSCF5777.JPG 3222.70108 0 1559 0 3222.70108 1039 0 0 1 -0.730870073 0.443694347 -0.518617646 -0.48811559 0.191307353 0.851554266 0.477045182 0.875520887 0.0767533092 0.917290519 -1.33757636 2.73013353
DSCF5778.JPG 3222.70108 0 1559 0 3222.70108 1039 0 0 1 -0.678461509 0.482435337 -0.554027189 -0.504669124 0.241960988 0.828712227 0.533853029 0.841849764 0.0793090018 0.958414158 -1.35107851 2.66675873
DSCF5779.JPG 3222.70108 0 1559 0 3222.70108 1039 0 0 1 -0.626251329 0.493634669 -0.603435238 -0.533652195 0.292840295 0.793385087 0.568352538 0.818883005 0.0800376009 0.875897986 -1.4525393 2.61321521
DSCF5780.JPG 3222.70108 0 1559 0 3222.70108 1039 0 0 1 -0.601896052 0.501282047 -0.621640935 -0.514397694 0.352057452 0.781953044 0.610832346 0.790425114 0.0459563385 0.816996475 -1.49281069 2.67273289
DSCF5781.JPG 3222.70108 0 1559 0 3222.70108 1039 0 0 1 -0.581702603 0.512185404 -0.631892549 -0.478697144 0.412510029 0.7750384 0.65762537 0.753327013 0.0052235328 0.855982777 -1.53840967 2.75726493
DSCF5782.JPG 3222.70108 0 1559 0 3222.70108 1039 0 0 1 -0.569427933 0.509867678 -0.644815307 -0.446543442 0.46672974 0.763388698 0.690181703 0.722632895 -0.0380908831 0.883488368 -1.56850936 2.83754134
DSCF5783.JPG 3222.70108 0 1559 0 3222.70108 1039 0 0 1 -0.564239028 0.507671641 -0.651078969 -0.411103668 0.511124451 0.754814924 0.715980512 0.693556992 -0.0796906898 0.850197395 -1.62621029 2.91712784
DSCF5784.JPG 3222.70108 0 1559 0 3222.70108 1039 0 0 1 -0.570120886 0.50028979 -0.651668858 -0.386343586 0.536769171 0.750078323 0.72505228 0.679403402 -0.112739564 0.877571532 -1.74817365 3.00607362
DSCF5785.JPG 3222.70108 0 1559 0 3222.70108 1039 0 0 1 -0.637612348 0.48443226 -0.59897903 -0.326362545 0.534444493 0.779651572 0.697809417 0.69259979 -0.182667863 0.614255544 -1.93892398 3.12712301
DSCF5786.JPG 3222.70108 0 1559 0 3222.70108 1039 0 0 1 -0.650319217 0.482704421 -0.586584486 -0.29213401 0.553877373 0.779665041 0.701243636 0.678392437 -0.219182721 0.508155993 -2.0421255 3.20191199
DSCF5787.JPG 3222.70108 0 1559 0 3222.70108 1039 0 0 1 -0.636667428 0.503558744 -0.584023268 -0.237713078 0.592310369 0.769844737 0.733585086 0.628965037 -0.25740222 0.452399065 -2.0232078 3.30130959
DSCF5788.JPG 3222.70108 0 1559 0 3222.70108 1039 0 0 1 -0.585812225 0.537386013 -0.606663259 -0.225779623 0.610706382 0.758987007 0.778362126 0.581596069 -0.236428453 0.475193777 -2.10350725 3.31444497
DSCF5789.JPG 3222.70108 0 1559 0 3222.70108 1039 0 0 1 -0.517050765 0.573522302 -0.635398045 -0.21097866 0.634031052 0.743970853 0.829545967 0.518726127 -0.206825274 0.534774957 -2.11574247 3.31839294
DSCF5790.JPG 3222.70108 0 1559 0 3222.70108 1039 0 0 1 -0.471709026 0.573300373 -0.669938264 -0.247864313 0.64292913 0.724710574 0.846199668 0.507906306 -0.161174771 0.554948644 -2.21414012 3.23468712
DSCF5791.JPG 3222.70108 0 1559 0 3222.70108 1039 0 0 1 -0.439533349 0.585702824 -0.681001202 -0.255981391 0.645044436 0.719993891 0.860978491 0.490784961 -0.133589517 0.577315811 -2.00581748 3.2074549
DSCF5792.JPG 3222.70108 0 1559 0 3222.70108 1039 0 0 1 -0.422060674 0.587677327 -0.6902899 -0.298128613 0.629108 0.717873565 0.856144916 0.508781371 -0.0903183201 0.595132397 -1.91263606 3.12658751
DSCF5793.JPG 3222.70108 0 1559 0 3222.70108 1039 0 0 1 -0.425616593 0.580154409 -0.694457614 -0.330621407 0.614681977 0.716139339 0.842341974 0.534403339 -0.0698073821 0.538605663 -1.74110739 3.09080464
DSCF5794.JPG 3222.70108 0 1559 0 3222.70108 1039 0 0 1 -0.44478906 0.571115639 -0.689920009 -0.371901342 0.582991882 0.722364076 0.814771185 0.577881815 -0.0469097381 0.435614368 -1.63062912 3.05679367
DSCF5795.JPG 3222.70108 0 1559 0 3222.70108 1039 0 0 1 -0.452426251 0.569855808 -0.685984581 -0.435772205 0.529859862 0.727565195 0.778082947 0.628102607 0.00860481168 0.4245071 -1.68852551 2.95312939
DSCF5796.JPG 3222.70108 0 1559 0 3222.70108 1039 0 0 1 -0.456141763 0.56306193 -0.689126952 -0.472967095 0.502565582 0.723691897 0.753814844 0.656040471 0.0370686146 0.430563856 -1.64174281 2.90402462
DSCF5797.JPG 3222.70108 0 1559 0 3222.70108 1039 0 0 1 -0.456374435 0.554702766 -0.695720645 -0.532710733 0.455946954 0.712973807 0.712700252 0.696000874 0.0874135835 0.416838822 -1.68719152 2.82755976
DSCF5798.JPG 3222.70108 0 1559 0 3222.70108 1039 0 0 1 -0.437649399 0.567685382 -0.697277786 -0.565635031 0.428994717 0.70428726 0.698942069 0.702635638 0.133353458 0.47260314 -1.61547714 2.77424374
DSCF5799.JPG 3222.70108 0 1559 0 3222.70108 1039 0 0 1 -0.418841203 0.573758267 -0.703827747 -0.600467674 0.40643522 0.688657378 0.681183249 0.711063895 0.174291476 0.528674783 -1.53310099 2.72098738
DSCF5800.JPG 3222.70108 0 1559 0 3222.70108 1039 0 0 1 -0.378403877 0.593189051 -0.710589372 -0.63221151 0.395098152 0.666487852 0.676105844 0.701444367 0.225514273 0.611337739 -1.40023969 2.67047063
DSCF5801.JPG 3222.70108 0 1559 0 3222.70108 1039 0 0 1 -0.32092436 0.612718961 -0.722207055 -0.645195098 0.416798756 0.64031405 0.693347561 0.671456828 0.261562396 0.664847223 -1.29254572 2.67032825
DSCF5802.JPG 3222.70108 0 1559 0 3222.70108 1039 0 0 1 -0.29829575 0.621688765 -0.724239412 -0.609896938 0.459519005 0.645653164 0.734197092 0.634306995 0.242093508 0.621012612 -1.25915779 2.69787255
DSCF5803.JPG 3222.70108 0 1559 0 3222.70108 1039 0 0 1 -0.299501601 0.610600901 -0.73312027 -0.594837732 0.481272817 0.64385134 0.745967066 0.628922106 0.219066476 0.531290682 -1.34109442 2.69051067
DSCF5804.JPG 3222.70108 0 1559 0 3222.70108 1039 0 0 1 -0.292225006 0.611636255 -0.735190885 -0.577753154 0.499700748 0.645368465 0.762106186 0.613351657 0.207349722 0.47463084 -1.45031293 2.71724256
DSCF5805.JPG 3222.70108 0 1559 0 3222.70108 1039 0 0 1 -0.29056367 0.608772977 -0.738219626 -0.521382688 0.546182159 0.655625763 0.802329637 0.575395961 0.158702999 0.434154176 -1.41668829 2.84522298
DSCF5806.JPG 3222.70108 0 1559 0 3222.70108 1039 0 0 1 -0.272720976 0.62176753 -0.73418554 -0.487790849 0.56839694 0.662559436 0.829266759 0.538822844 0.148278743 0.472601733 -1.48497115 2.91264184
DSCF5807.JPG 3222.70108 0 1559 0 3222.70108 1039 0 0 1 -0.254634571 0.632946447 -0.731122445 -0.472050376 0.578492995 0.665217481 0.843996254 0.514513993 0.151478293 0.46832144 -1.66500894 2.92124369
DSCF5808.JPG 3222.70108 0 1559 0 3222.70108 1039 0 0 1 -0.239831237 0.64033463 -0.729693456 -0.440121745 0.598235735 0.66963188 0.865317183 0.481752599 0.138349578 0.420466707 -1.76316974 2.9520575
DSCF5809.JPG 3222.70108 0 1559 0 3222.70108 1039 0 0 1 -0.227864078 0.644065408 -0.730244967 -0.389550108 0.62703746 0.674592275 0.892372498 0.438182352 0.108016436 0.393295038 -1.79352746 3.03537041
DSCF5810.JPG 3222.70108 0 1559 0 3222.70108 1039 0 0 1 -0.185884209 0.637406054 -0.747770408 -0.323357213 0.678958795 0.659132056 0.927840058 0.364319196 0.0799021268 0.518676413 -1.77347617 3.18115235
DSCF5811.JPG 3222.70108 0 1559 0 3222.70108 1039 0 0 1 -0.119345808 0.636537643 -0.761955647 -0.301761918 0.70787992 0.638628032 0.945883884 0.306146776 0.107600319 0.630991354 -1.90604779 3.23179611
DSCF5812.JPG 3222.70108 0 1559 0 3222.70108 1039 0 0 1 -0.0422076938 0.63585514 -0.770653458 -0.295268602 0.728948682 0.617616606 0.954481515 0.253617942 0.156980816 0.697028564 -2.04378908 3.22109747
DSCF5813.JPG 3222.70108 0 1559 0 3222.70108 1039 0 0 1 -0.00830775173 0.651568247 -0.758544528 -0.327329925 0.715006181 0.617755033 0.94487359 0.253426479 0.207337691 0.498663261 -2.16689329 3.09515551
DSCF5814.JPG 3222.70108 0 1559 0 3222.70108 1039 0 0 1 -0.00340475192 0.649595776 -0.760272146 -0.337722756 0.714859496 0.612306493 0.941239474 0.258845956 0.216949356 0.395643617 -1.91773429 3.04104096
DSCF5815.JPG 3222.70108 0 1559 0 3222.70108 1039 0 0 1 0.0142465052 0.646842094 -0.76249088 -0.379815363 0.708911901 0.594293031 0.924952608 0.281139152 0.255780082 0.461079255 -1.83065941 2.94388198
DSCF5816.JPG 3222.70108 0 1559 0 3222.70108 1039 0 0 1 0.0248921176 0.647964943 -0.761263302 -0.42690504 0.69546342 0.577998891 0.903953798 0.310599524 0.293931057 0.476145762 -1.74579225 2.92638766
DSCF5817.JPG 3222.70108 0 1559 0 3222.70108 1039 0 0 1 0.0276726311 0.645556877 -0.763210681 -0.478053154 0.679078829 0.55706115 0.877894872 0.349439926 0.327402399 0.45162797 -1.74306581 2.89587191
DSCF5818.JPG 3222.70108 0 1559 0 3222.70108 1039 0 0 1 0.0346604224 0.648101214 -0.760765057 -0.515027584 0.66394132 0.542151743 0.856472558 0.373023781 0.356802489 0.437917316 -1.6893448 2.87804698
DSCF5819.JPG 3222.70108 0 1559 0 3222.70108 1039 0 0 1 0.0391896087 0.646440581 -0.761957184 -0.56158321 0.644968832 0.518304452 0.826491665 0.407590212 0.388306253 0.424968179 -1.65137173 2.82324142
DSCF5820.JPG 3222.70108 0 1559 0 3222.70108 1039 0 0 1 0.0550509798 0.637777877 -0.76825046 -0.586959156 0.643106048 0.491826758 0.807742743 0.423856096 0.409753182 0.468736455 -1.5385434 2.82033649
DSCF5821.JPG 3222.70108 0 1559 0 3222.70108 1039 0 0 1 0.0824097611 0.631144898 -0.771274755 -0.616857056 0.640146294 0.457930229 0.782749005 0.438028354 0.442080487 0.538534071 -1.45808322 2.83502299
DSCF5822.JPG 3222.70108 0 1559 0 3222.70108 1039 0 0 1 0.0966212137 0.622331044 -0.776767927 -0.643463331 0.634457004 0.428274739 0.759354517 0.458441253 0.461749212 0.54736168 -1.41358898 2.87869293
DSCF5823.JPG 3222.70108 0 1559 0 3222.70108 1039 0 0 1 0.135216238 0.613535353 -0.77800446 -0.645341868 0.650356448 0.400712322 0.751831393 0.447896038 0.483878803 0.615027856 -1.25216255 2.92733346
DSCF5824.JPG 3222.70108 0 1559 0 3222.70108 1039 0 0 1 0.18355462 0.607427236 -0.772877645 -0.631994456 0.675127661 0.380507095 0.75292145 0.418610552 0.507813446 0.599187131 -1.10471977 2.99247812
DSCF5825.JPG 3222.70108 0 1559 0 3222.70108 1039 0 0 1 0.199741599 0.612271968 -0.76500087 -0.593812163 0.696670271 0.402539003 0.779416711 0.373863037 0.502728575 0.479951084 -1.09485095 2.99102319
DSCF5826.JPG 3222.70108 0 1559 0 3222.70108 1039 0 0 1 0.202464211 0.623750849 -0.754945774 -0.546447561 0.711691019 0.441464559 0.812652021 0.323157503 0.48493909 0.391111173 -1.11052812 2.95932558
DSCF5827.JPG 3222.70108 0 1559 0 3222.70108 1039 0 0 1 0.220296615 0.633405117 -0.74180008 -0.504045042 0.725002067 0.469372559 0.835109572 0.270499466 0.47898021 0.386185864 -1.13642342 2.95198183
DSCF5828.JPG 3222.70108 0 1559 0 3222.70108 1039 0 0 1 0.224526793 0.645773989 -0.729769604 -0.489409856 0.722318242 0.488604493 0.84265397 0.247451636 0.478227953 0.373819381 -1.2856071 2.94237668
DSCF5829.JPG 3222.70108 0 1559 0 3222.70108 1039 0 0 1 0.222510875 0.652795235 -0.724118286 -0.475842474 0.720980452 0.503747088 0.850918827 0.232477031 0.47105369 0.381456477 -1.41727672 2.93105286
DSCF5830.JPG 3222.70108 0 1559 0 3222.70108 1039 0 0 1 0.188816845 0.666449104 -0.721244612 -0.480330894 0.703278544 0.52410068 0.856522289 0.247477033 0.452906929 0.296619628 -1.61762024 2.84831436
DSCF5831.JPG 3222.70108 0 1559 0 3222.70108 1039 0 0 1 0.171959871 0.673935271 -0.718499167 -0.449460563 0.702698049 0.551543882 0.876592839 0.228093625 0.423743192 0.241893218 -1.70463281 2.85001928
DSCF5832.JPG 3222.70108 0 1559 0 3222.70108 1039 0 0 1 0.189527109 0.671991149 -0.715896201 -0.418332134 0.714889121 0.560296145 0.888300456 0.193291077 0.41660636 0.147840661 -1.86572135 2.85915066
DSCF5833.JPG 3222.70108 0 1559 0 3222.70108 1039 0 0 1 0.253471942 0.661504883 -0.705806818 -0.401352221 0.735786335 0.545467565 0.880152469 0.145016411 0.451997645 0.304555 -2.08578002 2.85176388
DSCF5834.JPG 3222.70108 0 1559 0 3222.70108 1039 0 0 1 0.300981395 0.664060349 -0.684422422 -0.397042839 0.739800341 0.543187297 0.867045087 0.108255751 0.486326546 0.414276735 -2.2842588 2.81251817
DSCF5835.JPG 3222.70108 0 1559 0 3222.70108 1039 0 0 1 0.353045582 0.663244262 -0.659898375 -0.396538351 0.744907041 0.536535959 0.847417343 0.0722533635 0.525987926 0.424075444 -2.32326239 2.79736287
DSCF5836.JPG 3222.70108 0 1559 0 3222.70108 1039 0 0 1 0.423947356 0.654516432 -0.626000703 -0.367323081 0.756047724 0.541724647 0.82785409 0.000281775292 0.560943425 0.434687616 -2.2344481 2.83414331
DSCF5837.JPG 3222.70108 0 1559 0 3222.70108 1039 0 0 1 0.442309701 0.646039849 -0.622088934 -0.360002979 0.763186201 0.536604768 0.821437754 -0.0133916245 0.57014093 0.239823619 -2.12987165 2.87568556
DSCF5838.JPG 3222.70108 0 1559 0 3222.70108 1039 0 0 1 0.501962807 0.613377431 -0.609755253 -0.362313208 0.78929657 0.49572176 0.785342269 -0.0279115042 0.618432267 0.280812911 -1.92525125 2.90133953
DSCF5839.JPG 3222.70108 0 1559 0 3222.70108 1039 0 0 1 0.52016921 0.599867992 -0.607932879 -0.397393607 0.800060844 0.449422926 0.75597772 0.00781267107 0.654550723 0.217460605 -1.862946 2.87749211
DSCF5840.JPG 3222.70108 0 1559 0 3222.70108 1039 0 0 1 0.535661601 0.585086114 -0.608884955 -0.416739928 0.810297326 0.41200252 0.734434804 0.0330527427 0.677873908 0.283361849 -1.67196975 2.86673041
DSCF5841.JPG 3222.70108 0 1559 0 3222.70108 1039 0 0 1 0.542533713 0.575347651 -0.612072096 -0.471715539 0.811563124 0.344745914 0.695083894 0.101687637 0.711700783 0.371021566 -1.65858499 2.79416573
DSCF5842.JPG 3222.70108 0 1559 0 3222.70108 1039 0 0 1 0.525750956 0.561151733 -0.639292315 -0.495089949 0.812997499 0.306465347 0.691716614 0.155382751 0.705254795 0.395098333 -1.52437401 2.78091779
DSCF5843.JPG 3222.70108 0 1559 0 3222.70108 1039 0 0 1 0.51138502 0.545334098 -0.664150648 -0.524933563 0.810134481 0.261011257 0.680389679 0.215157719 0.700554809 0.441071892 -1.39454066 2.72183773
DSCF5844.JPG 3222.70108 0 1559 0 3222.70108 1039 0 0 1 0.49680396 0.536639569 -0.682058501 -0.579456734 0.790174587 0.199634708 0.646077177 0.296044077 0.703521275 0.463008926 -1.4234911 2.62477314
DSCF5845.JPG 3222.70108 0 1559 0 3222.70108 1039 0 0 1 0.483317689 0.522551194 -0.702384696 -0.600907602 0.781483813 0.167908023 0.636642809 0.340915386 0.691709935 0.463338851 -1.29884493 2.67453027
DSCF5846.JPG 3222.70108 0 1559 0 3222.70108 1039 0 0 1 0.449396952 0.511174831 -0.732627239 -0.639394061 0.756787222 0.13582465 0.623873076 0.407398322 0.666940022 0.439387814 -1.190389 2.73697848
DSCF5847.JPG 3222.70108 0 1559 0 3222.70108 1039 0 0 1 0.371040121 0.541820925 -0.754161331 -0.696353494 0.699627271 0.160042163 0.614346027 0.465780814 0.636888681 0.423826758 -1.13335901 2.82407195
DSCF5848.JPG 3222.70108 0 1559 0 3222.70108 1039 0 0 1 0.239377888 0.590322386 -0.770855179 -0.725279001 0.636550787 0.262246956 0.64549872 0.496308951 0.580524613 0.337526971 -1.01061635 2.88163793
DSCF5849.JPG 3222.70108 0 1559 0 3222.70108 1039 0 0 1 0.131643778 0.642383636 -0.754992172 -0.751138491 0.561647541 0.346904896 0.646885525 0.52143581 0.556456479 0.439220367 -1.03558747 2.81892974
DSCF5850.JPG 3222.70108 0 1559 0 3222.70108 1039 0 0 1 -0.0600536851 0.675863609 -0.734576025 -0.757365908 0.448516007 0.474584317 0.650223375 0.584843375 0.484941017 0.31822809 -1.08809973 2.78424024
DSCF5851.JPG 3222.70108 0 1559 0 3222.70108 1039 0 0 1 -0.238173816 0.705678419 -0.667301433 -0.709468767 0.342803946 0.615743066 0.663270157 0.6200834 0.419009875 0.253843827 -1.07958912 2.74473987
DSCF5852.JPG 3222.70108 0 1559 0 3222.70108 1039 0 0 1 -0.400528082 0.667701876 -0.627496183 -0.644263544 0.281737072 0.711019485 0.651537982 0.689056185 0.317332368 0.116537847 -1.03662796 2.71792841
DSCF5853.JPG 3222.70108 0 1559 0 3222.70108 1039 0 0 1 -0.50833829 0.659926961 -0.553252735 -0.589084703 0.202142476 0.782379468 0.628149183 0.723626164 0.285996117 0.196122053 -1.1265853 2.64458355
DSCF5854.JPG 3222.70108 0 1559 0 3222.70108 1039 0 0 1 -0.640190487 0.600371969 -0.479280335 -0.507264533 0.138165046 0.850642765 0.576921861 0.787695321 0.216095458 0.134655491 -1.14507122 2.57264895
DSCF5855.JPG 3222.70108 0 1559 0 3222.70108 1039 0 0 1 -0.727092518 0.557840907 -0.400187448 -0.441600292 0.0663036777 0.894758629 0.525666865 0.827295198 0.1981338 0.279343508 -1.2884784 2.51991519
DSCF5856.JPG 3222.70108 0 1559 0 3222.70108 1039 0 0 1 -0.811736782 0.504636553 -0.293981881 -0.339793352 0.00132166235 0.940499192 0.474998815 0.863330877 0.170399304 0.260656416 -1.39933583 2.55082793
