185
DSC07956.JPG 3844.89878 0 2593.5 0 3852.35618 1680.5 0 0 1 0.999933826 0.0089077335 0.00727983471 -0.010638589 0.956813699 0.290507083 -0.0043776859 -0.290565306 0.956845149 -0.328302814 -1.92595632 3.95805837
DSC07957.JPG 3844.89878 0 2593.5 0 3852.35618 1680.5 0 0 1 0.980588226 0.079929263 -0.179047602 -0.0259451419 0.958005654 0.285573136 0.194354266 -0.275384239 0.941482841 -0.339415499 -1.93373719 3.83564182
DSC07958.JPG 3844.89878 0 2593.5 0 3852.35618 1680.5 0 0 1 0.940246652 0.152838405 -0.30426412 -0.0565684721 0.951295369 0.303046414 0.335762179 -0.26772662 0.903098121 -0.195421883 -1.87460484 3.78042377
DSC07959.JPG 3844.89878 0 2593.5 0 3852.35618 1680.5 0 0 1 0.863454817 0.221760109 -0.453065373 -0.0845959409 0.949120224 0.303338634 0.497281917 -0.223591713 0.838282435 -0.101425642 -1.85149245 3.62929083
DSC07960.JPG 3844.89878 0 2593.5 0 3852.35618 1680.5 0 0 1 0.755377273 0.302449518 -0.581317009 -0.113746924 0.934165575 0.338225243 0.6453424 -0.18936464 0.740050147 -0.166748523 -1.79620223 3.61051772
DSC07961.JPG 3844.89878 0 2593.5 0 3852.35618 1680.5 0 0 1 0.638820978 0.343283625 -0.688523138 -0.121621346 0.92874179 0.350209844 0.759681516 -0.139982284 0.635050355 0.103536134 -1.7460766 3.51962891
DSC07962.JPG 3844.89878 0 2593.5 0 3852.35618 1680.5 0 0 1 0.471712676 0.399572204 -0.786021123 -0.143308853 0.914320139 0.378789197 0.870028577 -0.0660358798 0.488558633 0.139470502 -1.73490228 3.56568286
DSC07963.JPG 3844.89878 0 2593.5 0 3852.35618 1680.5 0 0 1 0.284284033 0.44829735 -0.847473937 -0.149938462 0.893857485 0.422536689 0.946943001 0.00694850473 0.321326426 0.237843462 -1.66885381 3.53159956
DSC07964.JPG 3844.89878 0 2593.5 0 3852.35618 1680.5 0 0 1 0.105729203 0.466482391 -0.878188769 -0.167032134 0.878922003 0.446762106 0.980266087 0.0994499425 0.170845272 0.322958982 -1.73084712 3.49268584
DSC07965.JPG 3844.89878 0 2593.5 0 3852.35618 1680.5 0 0 1 -0.0709897661 0.46340588 -0.883298049 -0.160343994 0.868714497 0.468641575 0.984505082 0.174900293 0.0126345107 0.411638066 -1.68849069 3.5480803
DSC07966.JPG 3844.89878 0 2593.5 0 3852.35618 1680.5 0 0 1 -0.216301692 0.456472719 -0.863044747 -0.150425414 0.857834936 0.491417762 0.964668737 0.236118356 -0.11688605 0.481592984 -1.64999579 3.5192799
DSC07967.JPG 3844.89878 0 2593.5 0 3852.35618 1680.5 0 0 1 -0.434425926 0.432576953 -0.790032465 -0.147311204 0.83119075 0.536116915 0.888579498 0.349283721 -0.297367379 0.319984866 -1.70972087 3.6910121
DSC07968.JPG 3844.89878 0 2593.5 0 3852.35618 1680.5 0 0 1 -0.598940345 0.386959848 -0.701093817 -0.12765593 0.818166019 0.56063208 0.790553241 0.425283955 -0.440634918 0.303116233 -1.72452107 3.82455742
DSC07969.JPG 3844.89878 0 2593.5 0 3852.35618 1680.5 0 0 1 -0.726078398 0.329401546 -0.603576657 -0.126113384 0.799102268 0.587818833 0.675947908 0.502921651 -0.538668951 0.339850152 -1.80290554 3.69162918
DSC07970.JPG 3844.89878 0 2593.5 0 3852.35618 1680.5 0 0 1 -0.85404254 0.249733415 -0.456338209 -0.105486642 0.77586618 0.62201627 0.509395631 0.57936594 -0.636279183 0.302800804 -1.86830905 3.56632633
DSC07971.JPG 3844.89878 0 2593.5 0 3852.35618 1680.5 0 0 1 -0.928401451 0.189890312 -0.319393825 -0.0484419624 0.790370522 0.61071091 0.368407549 0.582456958 -0.72458248 0.264994384 -1.68941784 3.61699569
DSC07972.JPG 3844.89878 0 2593.5 0 3852.35618 1680.5 0 0 1 -0.970554912 0.117934426 -0.210034838 -0.0412271287 0.777753741 0.627215627 0.237325696 0.617406341 -0.749990616 0.481547209 -1.75262375 3.65521042
DSC07973.JPG 3844.89878 0 2593.5 0 3852.35618 1680.5 0 0 1 -0.999065797 0.0241842244 -0.0358142075 -0.00428750193 0.769185911 0.639010682 0.0430017615 0.63856727 -0.768363645 0.392175025 -1.81315821 3.78582456
DSC07974.JPG 3844.89878 0 2593.5 0 3852.35618 1680.5 0 0 1 -0.989720193 -0.0621542822 0.128805221 0.0329779638 0.777175194 0.628419582 -0.139163191 0.626207284 -0.767136262 0.296770418 -1.78423938 3.8703464
DSC07975.JPG 3844.89878 0 2593.5 0 3852.35618 1680.5 0 0 1 -0.947644757 -0.143213227 0.285410906 0.0594602825 0.799020486 0.598356698 -0.313741754 0.584000201 -0.748672076 0.213899914 -1.66939081 3.89092766
DSC07976.JPG 3844.89878 0 2593.5 0 3852.35618 1680.5 0 0 1 -0.87663017 -0.229638031 0.42283084 0.0932896231 0.780974417 0.61755648 -0.472034523 0.580814372 -0.663202891 0.236366495 -1.79083706 3.67281313
DSC07977.JPG 3844.89878 0 2593.5 0 3852.35618 1680.5 0 0 1 -0.745233816 -0.308016171 0.591398849 0.143290832 0.792220532 0.593173133 -0.651225228 0.526794711 -0.546253637 0.2091168 -1.8674202 3.80085561
DSC07978.JPG 3844.89878 0 2593.5 0 3852.35618 1680.5 0 0 1 -0.56801812 -0.383443085 0.728235413 0.180178757 0.805436576 0.564630444 -0.803051076 0.451932874 -0.388414271 -0.0204815528 -1.86802494 3.68510925
DSC07979.JPG 3844.89878 0 2593.5 0 3852.35618 1680.5 0 0 1 -0.379998193 -0.442095337 0.812498053 0.181956627 0.825498964 0.534268889 -0.906914086 0.350860618 -0.233245938 0.0360777133 -1.82210203 3.64821582
DSC07980.JPG 3844.89878 0 2593.5 0 3852.35618 1680.5 0 0 1 -0.209009666 -0.472608154 0.856128783 0.243949543 0.822589089 0.513649502 -0.946997138 0.316209936 -0.0566365278 -0.0700305673 -1.91848654 3.4478836
DSC07981.JPG 3844.89878 0 2593.5 0 3852.35618 1680.5 0 0 1 -0.0199729081 -0.481194066 0.876386532 0.256172425 0.84483661 0.469709263 -0.966424737 0.233887523 0.106394807 -0.0519024197 -1.89667717 3.21037591
DSC07982.JPG 3844.89878 0 2593.5 0 3852.35618 1680.5 0 0 1 0.254588419 -0.460629428 0.850297164 0.261254157 0.879336211 0.398138284 -0.931091296 0.120782273 0.344210169 -0.282299198 -1.91701883 3.16807801
DSC07983.JPG 3844.89878 0 2593.5 0 3852.35618 1680.5 0 0 1 0.470624445 -0.428193592 0.771468003 0.201533094 0.903403248 0.378479833 -0.859009338 -0.0226455284 0.511458832 -0.337168062 -1.79230658 3.3050025
DSC07984.JPG 3844.89878 0 2593.5 0 3852.35618 1680.5 0 0 1 0.65759609 -0.377905609 0.651732102 0.165198419 0.916365951 0.36466824 -0.735035281 -0.132139296 0.665028076 -0.390925927 -1.76907744 3.45993354
DSC07985.JPG 3844.89878 0 2593.5 0 3852.35618 1680.5 0 0 1 0.790879004 -0.308124324 0.528743607 0.126581871 0.927679475 0.351266028 -0.598738199 -0.210879571 0.772685173 -0.410164154 -1.71716415 3.62934138
DSC07986.JPG 3844.89878 0 2593.5 0 3852.35618 1680.5 0 0 1 0.880480489 -0.238245309 0.409869834 0.090132011 0.932908638 0.34865125 -0.465435633 -0.270038231 0.842881383 -0.429303046 -1.6823876 3.908023
DSC07987.JPG 3844.89878 0 2593.5 0 3852.35618 1680.5 0 0 1 0.940218422 -0.17766393 0.290559541 0.0612249147 0.927425894 0.368961679 -0.335023624 -0.329115084 0.88286037 -0.381232986 -1.57431114 4.16292509
DSC07988.JPG 3844.89878 0 2593.5 0 3852.35618 1680.5 0 0 1 0.994085246 -0.0692397139 0.0836683112 0.0358574087 0.936460184 0.34893634 -0.102512295 -0.343872338 0.933404009 -0.442617861 -1.62927799 4.1659024
DSC07989.JPG 3844.89878 0 2593.5 0 3852.35618 1680.5 0 0 1 0.998740552 0.0194230636 -0.0462607151 -0.0100323154 0.980717456 0.195173318 0.0491595546 -0.194463406 0.979677152 -0.262865328 -1.82867232 4.00412635
DSC07990.JPG 3844.89878 0 2593.5 0 3852.35618 1680.5 0 0 1 0.964372272 0.119829151 -0.235853972 -0.0731282625 0.977542317 0.197644318 0.254240789 -0.173355109 0.951477602 -0.375364533 -1.84179536 3.84879404
DSC07991.JPG 3844.89878 0 2593.5 0 3852.35618 1680.5 0 0 1 0.923056651 0.153670273 -0.352635599 -0.0784499566 0.972674307 0.218518415 0.376579372 -0.174040629 0.909888914 -0.256106135 -1.75244195 3.81777807
DSC07992.JPG 3844.89878 0 2593.5 0 3852.35618 1680.5 0 0 1 0.856953929 0.230570486 -0.460941661 -0.128169478 0.961592367 0.242719396 0.499201912 -0.148920688 0.853592455 -0.154270965 -1.66267505 3.66817468
DSC07993.JPG 3844.89878 0 2593.5 0 3852.35618 1680.5 0 0 1 0.775806171 0.275775872 -0.567514276 -0.162333422 0.956389614 0.242830737 0.609731618 -0.09626305 0.786740605 -0.0716001338 -1.68758709 3.50431685
DSC07994.JPG 3844.89878 0 2593.5 0 3852.35618 1680.5 0 0 1 0.669482529 0.338743442 -0.661094564 -0.19480075 0.938884698 0.283810133 0.716830392 -0.0612242087 0.694554379 -0.0333679106 -1.61362913 3.42395329
DSC07995.JPG 3844.89878 0 2593.5 0 3852.35618 1680.5 0 0 1 0.532447343 0.391144648 -0.750670162 -0.223708855 0.920324601 0.320869096 0.816366447 -0.00291433554 0.577526909 0.00734141752 -1.57904727 3.37089079
DSC07996.JPG 3844.89878 0 2593.5 0 3852.35618 1680.5 0 0 1 0.365498415 0.43321961 -0.823851733 -0.274831655 0.895856212 0.349154992 0.889313482 0.0988049385 0.446496488 0.0522469147 -1.65532448 3.18136473
DSC07997.JPG 3844.89878 0 2593.5 0 3852.35618 1680.5 0 0 1 0.123331176 0.426803894 -0.895895003 -0.262313068 0.884697893 0.385358915 0.957069107 0.187478199 0.22106707 -0.174224965 -1.57988723 3.29870338
DSC07998.JPG 3844.89878 0 2593.5 0 3852.35618 1680.5 0 0 1 0.0590081836 0.480101708 -0.875225905 -0.314069025 0.841159531 0.440240038 0.947564606 0.248903581 0.200420371 0.210844187 -1.72202069 3.15155052
DSC07999.JPG 3844.89878 0 2593.5 0 3852.35618 1680.5 0 0 1 -0.102543713 0.474769575 -0.874115918 -0.311663936 0.819167954 0.481486711 0.94464299 0.321803843 0.0639680312 0.255498397 -1.7154241 3.21000593
DSC08000.JPG 3844.89878 0 2593.5 0 3852.35618 1680.5 0 0 1 -0.309648505 0.451555577 -0.836788721 -0.327734005 0.775430208 0.539720683 0.892585136 0.441367821 -0.0921206867 0.16491529 -1.80740668 3.13076249
DSC08001.JPG 3844.89878 0 2593.5 0 3852.35618 1680.5 0 0 1 -0.440892248 0.414002915 -0.796376552 -0.312370476 0.761027147 0.568561665 0.841450362 0.499438953 -0.206208683 0.234389426 -1.78789054 3.16398875
DSC08002.JPG 3844.89878 0 2593.5 0 3852.35618 1680.5 0 0 1 -0.564265873 0.375904556 -0.735050875 -0.299393859 0.73655576 0.606505507 0.769394139 0.562300077 -0.303069764 0.338869514 -1.79375535 3.09270532
DSC08003.JPG 3844.89878 0 2593.5 0 3852.35618 1680.5 0 0 1 -0.687181113 0.32144834 -0.651500638 -0.275289354 0.714687838 0.642990719 0.672307883 0.621202268 -0.402628679 0.442813129 -1.79205729 3.0786291
DSC08004.JPG 3844.89878 0 2593.5 0 3852.35618 1680.5 0 0 1 -0.786912474 0.290742923 -0.54427687 -0.222768131 0.688705063 0.689970794 0.575450361 0.664194165 -0.477182347 0.428228035 -1.81625031 3.10164804
DSC08005.JPG 3844.89878 0 2593.5 0 3852.35618 1680.5 0 0 1 -0.873207073 0.219650571 -0.435043715 -0.182689065 0.680049457 0.710040451 0.451812032 0.699490074 -0.553696238 0.490120173 -1.81144031 3.18418698
DSC08006.JPG 3844.89878 0 2593.5 0 3852.35618 1680.5 0 0 1 -0.948121948 0.152890441 -0.278727975 -0.110410843 0.66381931 0.739698161 0.29811779 0.732098652 -0.612500895 0.458612211 -1.81350465 3.21590583
DSC08007.JPG 3844.89878 0 2593.5 0 3852.35618 1680.5 0 0 1 -0.986690564 0.0818699219 -0.140495717 -0.0544832173 0.647619555 0.760013481 0.153210018 0.757552789 -0.634539567 0.460178385 -1.87711869 3.2441318
DSC08008.JPG 3844.89878 0 2593.5 0 3852.35618 1680.5 0 0 1 -0.999815574 -0.0114405657 0.015425046 0.0044717452 0.642430526 0.766330884 -0.0186767792 0.766258529 -0.642260885 0.422927488 -1.92417136 3.36319667
DSC08009.JPG 3844.89878 0 2593.5 0 3852.35618 1680.5 0 0 1 -0.98121492 -0.0942481752 0.168328734 0.0659721295 0.656008463 0.751864732 -0.181286953 0.748845898 -0.637467538 0.362306229 -1.91619864 3.50759744
DSC08010.JPG 3844.89878 0 2593.5 0 3852.35618 1680.5 0 0 1 -0.940549493 -0.163975191 0.297453841 0.122914255 0.652078415 0.748121532 -0.316636601 0.740206645 -0.593157134 0.436952835 -1.98224889 3.56853066
DSC08011.JPG 3844.89878 0 2593.5 0 3852.35618 1680.5 0 0 1 -0.859731717 -0.26388742 0.437292584 0.164590345 0.667364315 0.726315971 -0.483499114 0.696411014 -0.530320947 0.322273394 -1.92607847 3.55254736
DSC08012.JPG 3844.89878 0 2593.5 0 3852.35618 1680.5 0 0 1 -0.719822709 -0.359426075 0.593858708 0.21879935 0.694419632 0.685498518 -0.658773187 0.623373299 -0.421216829 0.166861467 -1.89006481 3.55628014
DSC08013.JPG 3844.89878 0 2593.5 0 3852.35618 1680.5 0 0 1 -0.594197735 -0.404891293 0.694976325 0.274751822 0.709903035 0.648497585 -0.755936828 0.576281808 -0.310578155 0.174540996 -1.95643709 3.64198
DSC08014.JPG 3844.89878 0 2593.5 0 3852.35618 1680.5 0 0 1 -0.382926171 -0.448387916 0.807660712 0.332955486 0.748545213 0.573428905 -0.86168915 0.488496 -0.137344335 0.0339834368 -1.95270466 3.48767189
DSC08015.JPG 3844.89878 0 2593.5 0 3852.35618 1680.5 0 0 1 -0.172151394 -0.468685109 0.866428396 0.399146555 0.770931187 0.49633369 -0.900580882 0.431276447 0.0543571677 -0.190494055 -1.97406907 3.36098753
DSC08016.JPG 3844.89878 0 2593.5 0 3852.35618 1680.5 0 0 1 -0.0176545484 -0.476767759 0.87885199 0.434068225 0.788180195 0.436298931 -0.900706996 0.389184384 0.193034769 -0.157104755 -1.94757502 3.01320683
DSC08017.JPG 3844.89878 0 2593.5 0 3852.35618 1680.5 0 0 1 0.242410826 -0.481308759 0.842365045 0.434160096 0.830287436 0.349467859 -0.867607055 0.281006497 0.41023572 -0.319464638 -1.95852273 2.89760966
DSC08018.JPG 3844.89878 0 2593.5 0 3852.35618 1680.5 0 0 1 0.483497289 -0.432277751 0.761161164 0.370780602 0.888831054 0.269260287 -0.792938911 0.152037175 0.59002761 -0.339130599 -1.88626818 2.94775999
DSC08019.JPG 3844.89878 0 2593.5 0 3852.35618 1680.5 0 0 1 0.674056205 -0.354106796 0.648272018 0.29105789 0.933930248 0.207508064 -0.678920862 0.0488125878 0.732587056 -0.435144694 -1.82773756 3.02636997
DSC08020.JPG 3844.89878 0 2593.5 0 3852.35618 1680.5 0 0 1 0.803312687 -0.293809274 0.518039416 0.236371466 0.955684622 0.175486276 -0.546641799 -0.0185206155 0.837161711 -0.469142277 -1.79883362 3.03505439
DSC08021.JPG 3844.89878 0 2593.5 0 3852.35618 1680.5 0 0 1 0.885722354 -0.233544942 0.401189072 0.184677348 0.970170361 0.157046963 -0.42589927 -0.0650094718 0.902432036 -0.378750451 -1.81588145 3.21316802
DSC08022.JPG 3844.89878 0 2593.5 0 3852.35618 1680.5 0 0 1 0.961063594 -0.147347057 0.233764013 0.116652679 0.983232262 0.140165872 -0.250497348 -0.107439118 0.96213716 -0.418186561 -1.83547964 3.2934391
DSC08023.JPG 3844.89878 0 2593.5 0 3852.35618 1680.5 0 0 1 0.996383203 -0.0617093197 0.0584163808 0.0509617055 0.984071542 0.170311784 -0.0679957224 -0.166718803 0.983657167 -0.401812661 -1.74309309 3.60980299
DSC08024.JPG 3844.89878 0 2593.5 0 3852.35618 1680.5 0 0 1 0.995441706 0.0243390621 -0.0922139912 -0.00897176644 0.986497908 0.163527933 0.0949490259 -0.161955202 0.982219525 -0.33030264 -1.75317597 3.61550349
DSC08025.JPG 3844.89878 0 2593.5 0 3852.35618 1680.5 0 0 1 0.997156256 0.0284243613 -0.0697958219 -0.0154670345 0.983617302 0.179604495 0.0737575211 -0.178014211 0.981259787 -0.232523248 -1.35283078 3.8675405
DSC08026.JPG 3844.89878 0 2593.5 0 3852.35618 1680.5 0 0 1 0.960580369 0.122317201 -0.249647467 -0.0759712584 0.97932048 0.187509376 0.267420499 -0.161151793 0.950008619 -0.283491176 -1.34617493 3.69206313
DSC08027.JPG 3844.89878 0 2593.5 0 3852.35618 1680.5 0 0 1 0.896354328 0.202716096 -0.394277951 -0.137781325 0.972675861 0.18686352 0.421384889 -0.113171787 0.89979271 -0.234219524 -1.34787289 3.51592249
DSC08028.JPG 3844.89878 0 2593.5 0 3852.35618 1680.5 0 0 1 0.81399844 0.251813571 -0.523446717 -0.18592353 0.966687816 0.1759179 0.550308078 -0.0458758345 0.833700442 -0.112676609 -1.46190684 3.36843014
DSC08029.JPG 3844.89878 0 2593.5 0 3852.35618 1680.5 0 0 1 0.666998255 0.345548338 -0.660083081 -0.278555089 0.937353891 0.209224149 0.691028502 0.0443173591 0.721467658 -0.0814558061 -1.50297378 3.2005851
DSC08030.JPG 3844.89878 0 2593.5 0 3852.35618 1680.5 0 0 1 0.491276482 0.405680412 -0.770759899 -0.343410958 0.903443566 0.256629375 0.800447582 0.138611419 0.583155676 0.0311563488 -1.55018068 3.10799025
DSC08031.JPG 3844.89878 0 2593.5 0 3852.35618 1680.5 0 0 1 0.32240059 0.440095958 -0.838077209 -0.377734361 0.871620995 0.312399733 0.86797155 0.2158527 0.447250488 0.137555078 -1.55419864 3.06743666
DSC08032.JPG 3844.89878 0 2593.5 0 3852.35618 1680.5 0 0 1 0.141118934 0.473683206 -0.869315631 -0.405170362 0.82882875 0.385849556 0.903284243 0.297770251 0.308885826 0.240620063 -1.60629843 3.00469122
DSC08033.JPG 3844.89878 0 2593.5 0 3852.35618 1680.5 0 0 1 -0.0324371692 0.48305608 -0.874988373 -0.412962955 0.790749465 0.45185936 0.91017 0.375994822 0.173834592 0.455598928 -1.60724945 3.01644293
DSC08034.JPG 3844.89878 0 2593.5 0 3852.35618 1680.5 0 0 1 -0.240909099 0.467744706 -0.850398551 -0.411232438 0.744469367 0.525978368 0.879119268 0.476424444 0.0130023515 0.375230724 -1.65728831 3.00104421
DSC08035.JPG 3844.89878 0 2593.5 0 3852.35618 1680.5 0 0 1 -0.43411824 0.430175439 -0.791511494 -0.398166994 0.696518489 0.596929677 0.808086876 0.574291813 -0.131089719 0.374384571 -1.73957949 3.04412555
DSC08036.JPG 3844.89878 0 2593.5 0 3852.35618 1680.5 0 0 1 -0.622174575 0.364161576 -0.693026078 -0.346111239 0.666071004 0.660724169 0.70221493 0.650949894 -0.28837203 0.310069198 -1.6998206 3.04833494
DSC08037.JPG 3844.89878 0 2593.5 0 3852.35618 1680.5 0 0 1 -0.754005452 0.315375519 -0.576206613 -0.283288686 0.635305748 0.718424753 0.592640953 0.704928995 -0.389681682 0.325087375 -1.72593429 3.07855488
DSC08038.JPG 3844.89878 0 2593.5 0 3852.35618 1680.5 0 0 1 -0.867450563 0.230240804 -0.441042734 -0.225944669 0.607482761 0.761520651 0.443258985 0.760232772 -0.47493958 0.494656879 -1.74965113 3.0462815
DSC08039.JPG 3844.89878 0 2593.5 0 3852.35618 1680.5 0 0 1 -0.946914114 0.15186867 -0.283354137 -0.147499516 0.57791389 0.802657728 0.285652853 0.80184253 -0.524834264 0.527437739 -1.79840236 3.07754875
DSC08040.JPG 3844.89878 0 2593.5 0 3852.35618 1680.5 0 0 1 -0.99171616 0.0625391104 -0.112195892 -0.0557877128 0.577075212 0.814783365 0.115701295 0.814292982 -0.568805899 0.663991448 -1.82155327 3.20620597
DSC08041.JPG 3844.89878 0 2593.5 0 3852.35618 1680.5 0 0 1 -0.986893321 -0.0732560699 0.143788459 0.0761065051 0.574425719 0.815010977 -0.14230029 0.815272127 -0.561321642 0.484876518 -1.88003741 3.25264637
DSC08042.JPG 3844.89878 0 2593.5 0 3852.35618 1680.5 0 0 1 -0.933205649 -0.167883372 0.317714321 0.163611838 0.588682258 0.791633985 -0.319934967 0.790739131 -0.521893901 0.465190834 -1.89059592 3.37447003
DSC08043.JPG 3844.89878 0 2593.5 0 3852.35618 1680.5 0 0 1 -0.81682772 -0.284696426 0.501737402 0.259444397 0.595524933 0.760288536 -0.515248562 0.75119771 -0.412578381 0.318648604 -1.94290964 3.30322727
DSC08044.JPG 3844.89878 0 2593.5 0 3852.35618 1680.5 0 0 1 -0.677948635 -0.353814013 0.644361151 0.325457499 0.641497881 0.694663864 -0.659138123 0.680658587 -0.319751189 0.298463337 -1.93944683 3.43248081
DSC08045.JPG 3844.89878 0 2593.5 0 3852.35618 1680.5 0 0 1 -0.460353379 -0.423628418 0.780136994 0.377020447 0.70230445 0.603841074 -0.803697921 0.572107877 -0.163591651 0.0966743603 -1.86705697 3.44138338
DSC08046.JPG 3844.89878 0 2593.5 0 3852.35618 1680.5 0 0 1 -0.254018192 -0.456352469 0.852770299 0.448941757 0.72532344 0.521878537 -0.856694845 0.515410838 0.0206303298 0.0852767322 -1.94443087 3.29110648
DSC08047.JPG 3844.89878 0 2593.5 0 3852.35618 1680.5 0 0 1 0.0604258031 -0.489767614 0.869756522 0.512374894 0.763011939 0.394061859 -0.856633347 0.421829901 0.297050238 -0.147439219 -1.87130253 2.73254583
DSC08048.JPG 3844.89878 0 2593.5 0 3852.35618 1680.5 0 0 1 0.292585773 -0.474246074 0.830351869 0.471325191 0.827065942 0.306291514 -0.832013299 0.301749214 0.465511849 -0.213857448 -1.84744937 2.89573208
DSC08049.JPG 3844.89878 0 2593.5 0 3852.35618 1680.5 0 0 1 0.495578525 -0.42817575 0.75569005 0.406699452 0.88316669 0.233692432 -0.767461713 0.191525779 0.611817289 -0.245060041 -1.85225827 3.11560447
DSC08050.JPG 3844.89878 0 2593.5 0 3852.35618 1680.5 0 0 1 0.687941223 -0.367017739 0.626126867 0.336096347 0.925734784 0.173361919 -0.643254319 0.0911761426 0.760204441 -0.452213881 -1.80249699 3.14637449
DSC08051.JPG 3844.89878 0 2593.5 0 3852.35618 1680.5 0 0 1 0.808806875 -0.28818525 0.512621401 0.261450532 0.957022469 0.125505434 -0.526759013 0.0325154797 0.849392539 -0.468395607 -1.73913046 3.12803034
DSC08052.JPG 3844.89878 0 2593.5 0 3852.35618 1680.5 0 0 1 0.917700347 -0.213137046 0.335259114 0.201756443 0.977012183 0.0688587805 -0.342228596 0.00444895946 0.939606191 -0.362975288 -1.78203514 2.98396801
DSC08053.JPG 3844.89878 0 2593.5 0 3852.35618 1680.5 0 0 1 0.980673599 -0.123149702 0.152031061 0.117889272 0.992087588 0.0431779771 -0.156145484 -0.0244206711 0.987432134 -0.332307978 -1.80049396 2.98527122
DSC08054.JPG 3844.89878 0 2593.5 0 3852.35618 1680.5 0 0 1 0.999450587 -0.0274102741 0.0186333087 0.0260645099 0.997277043 0.0689865331 -0.0204735108 -0.068462963 0.997443561 -0.213013784 -1.7347084 3.24814154
DSC08055.JPG 3844.89878 0 2593.5 0 3852.35618 1680.5 0 0 1 0.999776165 -0.00744674065 -0.0198031581 0.00750295537 0.999968027 0.00276589186 0.0197819281 -0.00291385497 0.999800072 -0.385407827 -1.47091266 3.4560485
DSC08056.JPG 3844.89878 0 2593.5 0 3852.35618 1680.5 0 0 1 0.963802652 0.113674857 -0.241168974 -0.109716981 0.993515384 0.0298222519 0.242995126 -0.00228243371 0.970024824 -0.578040189 -1.39854263 3.36971469
DSC08057.JPG 3844.89878 0 2593.5 0 3852.35618 1680.5 0 0 1 0.919101977 0.159189786 -0.360430532 -0.160180281 0.986709242 0.0273340347 0.359991436 0.0326110986 0.932385479 -0.260280423 -1.41635311 3.35374271
DSC08058.JPG 3844.89878 0 2593.5 0 3852.35618 1680.5 0 0 1 0.829453029 0.238664048 -0.505021925 -0.233971741 0.969433888 0.0738590649 0.507212872 0.0568982337 0.859940518 -0.119722781 -1.33989799 3.28544201
DSC08059.JPG 3844.89878 0 2593.5 0 3852.35618 1680.5 0 0 1 0.675684272 0.313202418 -0.667349241 -0.301478326 0.943497565 0.137561489 0.672726975 0.108243197 0.731930206 -0.146615302 -1.33602698 3.40775432
DSC08060.JPG 3844.89878 0 2593.5 0 3852.35618 1680.5 0 0 1 0.545877216 0.359487181 -0.75682695 -0.352979744 0.917879244 0.181391826 0.759883784 0.168126918 0.627941059 -0.00694940635 -1.30104615 3.27462243
DSC08061.JPG 3844.89878 0 2593.5 0 3852.35618 1680.5 0 0 1 0.372138727 0.412357336 -0.831549274 -0.401899155 0.879142019 0.256098379 0.836653953 0.238894826 0.492888856 0.111973988 -1.33532693 3.32091317
DSC08062.JPG 3844.89878 0 2593.5 0 3852.35618 1680.5 0 0 1 0.167792582 0.452152038 -0.876016087 -0.424601263 0.835113861 0.349712176 0.88969625 0.313278427 0.332110237 0.207543357 -1.36459329 3.34961402
DSC08063.JPG 3844.89878 0 2593.5 0 3852.35618 1680.5 0 0 1 -0.0204470601 0.453384851 -0.891080297 -0.449757228 0.791822161 0.413202252 0.892916768 0.409218575 0.187722678 0.316873566 -1.36986524 3.30271425
DSC08064.JPG 3844.89878 0 2593.5 0 3852.35618 1680.5 0 0 1 -0.260033783 0.454617657 -0.851883336 -0.419171447 0.741623715 0.523726611 0.869872249 0.493271783 -0.00228447864 0.276096679 -1.38933974 3.41758447
DSC08065.JPG 3844.89878 0 2593.5 0 3852.35618 1680.5 0 0 1 -0.43413701 0.4201263 -0.796880762 -0.420310866 0.687939188 0.591674277 0.796783429 0.591805344 -0.122076213 0.372819561 -1.47768292 3.35035396
DSC08066.JPG 3844.89878 0 2593.5 0 3852.35618 1680.5 0 0 1 -0.617684913 0.353075763 -0.702711074 -0.383622855 0.644749956 0.661158831 0.686512093 0.677963863 -0.262804388 0.425639961 -1.54507819 3.38425021
DSC08067.JPG 3844.89878 0 2593.5 0 3852.35618 1680.5 0 0 1 -0.766974762 0.289931175 -0.572441812 -0.34599644 0.56444603 0.749457899 0.540403718 0.772878123 -0.332600705 0.487805462 -1.68634696 3.17880966
DSC08068.JPG 3844.89878 0 2593.5 0 3852.35618 1680.5 0 0 1 -0.877930485 0.217877572 -0.426341914 -0.256270197 0.538330149 0.802823914 0.404430032 0.814082314 -0.41678092 0.509142386 -1.79065391 3.31938653
DSC08069.JPG 3844.89878 0 2593.5 0 3852.35618 1680.5 0 0 1 -0.967103464 0.115838161 -0.226478278 -0.134987768 0.520923752 0.842862235 0.215613526 0.845706784 -0.488150431 0.459551995 -1.81120508 3.44257621
DSC08070.JPG 3844.89878 0 2593.5 0 3852.35618 1680.5 0 0 1 -0.999983559 0.00134169527 -0.00557515852 -0.00405759259 0.521444705 0.853275428 0.0040519725 0.853284021 -0.521430687 0.367525624 -1.83495985 3.58794042
DSC08071.JPG 3844.89878 0 2593.5 0 3852.35618 1680.5 0 0 1 -0.978109025 -0.0959776875 0.184637531 0.108118943 0.523726916 0.844997285 -0.17780053 0.846462286 -0.501885017 0.33032829 -1.94092199 3.70550505
DSC08072.JPG 3844.89878 0 2593.5 0 3852.35618 1680.5 0 0 1 -0.912592592 -0.211481472 0.349929062 0.185760163 0.547963953 0.815615515 -0.364236082 0.809327556 -0.460783011 0.291785904 -1.92345731 3.85881375
DSC08073.JPG 3844.89878 0 2593.5 0 3852.35618 1680.5 0 0 1 -0.815673912 -0.272421067 0.510355593 0.30709361 0.543738661 0.781051716 -0.490275009 0.79381045 -0.359854672 0.297218732 -1.98294387 3.54675453
DSC08074.JPG 3844.89878 0 2593.5 0 3852.35618 1680.5 0 0 1 -0.673586917 -0.338575461 0.656998724 0.384841681 0.598241591 0.702854095 -0.631013111 0.726273817 -0.272669759 0.104399995 -1.93842819 3.61350373
DSC08075.JPG 3844.89878 0 2593.5 0 3852.35618 1680.5 0 0 1 -0.536328282 -0.401516268 0.74238579 0.404680315 0.649558202 0.643667604 -0.740665793 0.645646056 -0.185890705 0.0849006924 -1.77154777 3.69037797
DSC08076.JPG 3844.89878 0 2593.5 0 3852.35618 1680.5 0 0 1 -0.283249116 -0.465143895 0.838696068 0.48511973 0.684888366 0.543678925 -0.827302113 0.560864585 0.031656457 -0.158823246 -1.79276266 3.38485243
DSC08077.JPG 3844.89878 0 2593.5 0 3852.35618 1680.5 0 0 1 -0.0484541154 -0.50728267 0.860416464 0.519845813 0.722755258 0.455395617 -0.852884828 0.469349687 0.228688305 -0.0978079387 -1.68022659 3.31309904
DSC08078.JPG 3844.89878 0 2593.5 0 3852.35618 1680.5 0 0 1 0.260749314 -0.512468675 0.818159918 0.543753067 0.778226165 0.314160211 -0.797710723 0.362959905 0.481578353 -0.311781833 -1.63790469 2.92121784
DSC08079.JPG 3844.89878 0 2593.5 0 3852.35618 1680.5 0 0 1 0.531952034 -0.463681426 0.708538333 0.483917607 0.853115175 0.194982684 -0.694874653 0.239152739 0.678199959 -0.388204159 -1.61956761 2.97078551
DSC08080.JPG 3844.89878 0 2593.5 0 3852.35618 1680.5 0 0 1 0.735277998 -0.372319395 0.566343123 0.401988453 0.912327139 0.0778747401 -0.545684478 0.170403813 0.82048217 -0.411852537 -1.57160223 2.82786254
DSC08081.JPG 3844.89878 0 2593.5 0 3852.35618 1680.5 0 0 1 0.871266082 -0.275672119 0.406079177 0.292310952 0.95607316 0.0218728196 -0.394271128 0.0996443448 0.913576095 -0.357625501 -1.54196167 2.9166285
DSC08082.JPG 3844.89878 0 2593.5 0 3852.35618 1680.5 0 0 1 0.970488473 -0.159684758 0.180701139 0.16413327 0.986389091 -0.00984024434 -0.176670296 0.0392089126 0.983488824 -0.341886564 -1.58437672 3.0831277
DSC08083.JPG 3844.89878 0 2593.5 0 3852.35618 1680.5 0 0 1 0.999429121 -0.0337352605 -0.00183420393 0.0336684422 0.999017129 -0.0288307556 0.00280501419 0.0287525419 0.999582625 -0.298701343 -1.57321528 3.1381275
DSC08084.JPG 3844.89878 0 2593.5 0 3852.35618 1680.5 0 0 1 0.986860024 0.0333859894 -0.158090695 -0.0464955868 0.995712658 -0.0799653875 0.154743182 0.0862651639 0.984181319 -0.232758782 -1.27712672 3.18764022
DSC08085.JPG 3844.89878 0 2593.5 0 3852.35618 1680.5 0 0 1 0.926299149 0.158077718 -0.342025322 -0.192725085 0.978782915 -0.0695776339 0.323769868 0.130366562 0.937111323 -0.320486147 -1.32108314 3.12531471
DSC08086.JPG 3844.89878 0 2593.5 0 3852.35618 1680.5 0 0 1 0.831515394 0.23903384 -0.501442891 -0.255570117 0.966092529 0.0367306443 0.493220097 0.0976117223 0.864410717 -0.230606903 -1.03702812 3.16801999
DSC08087.JPG 3844.89878 0 2593.5 0 3852.35618 1680.5 0 0 1 0.707481987 0.296817497 -0.64138024 -0.349005022 0.935883887 0.0481336113 0.61454433 0.189791261 0.765711789 -0.165146827 -1.19958016 3.09174045
DSC08088.JPG 3844.89878 0 2593.5 0 3852.35618 1680.5 0 0 1 0.565139001 0.331160288 -0.755612846 -0.41922925 0.904106868 0.0826898221 0.71053835 0.270043763 0.649778131 -0.124163035 -1.24252028 2.9436866
DSC08089.JPG 3844.89878 0 2593.5 0 3852.35618 1680.5 0 0 1 0.429799596 0.386929285 -0.815817404 -0.46642624 0.868782948 0.166321232 0.773122804 0.309033846 0.553876531 0.072691107 -1.20687839 2.92207127
DSC08090.JPG 3844.89878 0 2593.5 0 3852.35618 1680.5 0 0 1 0.206382323 0.429526732 -0.879154778 -0.50649451 0.815651073 0.279600854 0.837179579 0.387582395 0.385888895 0.115786539 -1.23149939 2.93086128
DSC08091.JPG 3844.89878 0 2593.5 0 3852.35618 1680.5 0 0 1 0.00972826046 0.435266861 -0.900248921 -0.537950099 0.761188243 0.362218372 0.842920549 0.480765242 0.241556889 0.192218677 -1.21575085 2.90137307
DSC08092.JPG 3844.89878 0 2593.5 0 3852.35618 1680.5 0 0 1 -0.138597538 0.443729377 -0.885378429 -0.541200221 0.714773405 0.44294616 0.829393178 0.540558249 0.141080602 0.336075772 -1.24159056 2.94439354
DSC08093.JPG 3844.89878 0 2593.5 0 3852.35618 1680.5 0 0 1 -0.304933994 0.407773677 -0.860660146 -0.517774827 0.687493527 0.509177649 0.799327522 0.600893733 0.00149479848 0.479569108 -1.19402438 2.99700942
DSC08094.JPG 3844.89878 0 2593.5 0 3852.35618 1680.5 0 0 1 -0.515299789 0.372161163 -0.771985878 -0.499915819 0.601124396 0.623485072 0.696096474 0.707209678 -0.123710021 0.433556291 -1.37479337 3.01975036
DSC08095.JPG 3844.89878 0 2593.5 0 3852.35618 1680.5 0 0 1 -0.681136223 0.322851131 -0.657130576 -0.434350942 0.544342642 0.717656148 0.589400293 0.774246883 -0.230540798 0.473002665 -1.44897666 3.07225783
DSC08096.JPG 3844.89878 0 2593.5 0 3852.35618 1680.5 0 0 1 -0.818579316 0.237304342 -0.523081784 -0.357072865 0.50308575 0.787022044 0.449918739 0.831018278 -0.327080648 0.487487171 -1.43973066 3.05791297
DSC08097.JPG 3844.89878 0 2593.5 0 3852.35618 1680.5 0 0 1 -0.919557379 0.157607331 -0.359964103 -0.262873573 0.434162858 0.861626426 0.292081685 0.886939988 -0.357806857 0.527667816 -1.65442373 3.02644865
DSC08098.JPG 3844.89878 0 2593.5 0 3852.35618 1680.5 0 0 1 -0.987702085 0.060111472 -0.144330182 -0.112850438 0.364815435 0.924215601 0.108209838 0.929137401 -0.35354536 0.397055909 -1.77867859 2.89682958
DSC08099.JPG 3844.89878 0 2593.5 0 3852.35618 1680.5 0 0 1 -0.998599829 -0.0389765988 0.0357659829 0.0195435322 0.356449713 0.934110086 -0.0491572084 0.933501166 -0.355188882 0.477238065 -1.90962319 3.07359949
DSC08100.JPG 3844.89878 0 2593.5 0 3852.35618 1680.5 0 0 1 -0.94213633 -0.206581146 0.264013951 0.165381068 0.398630013 0.902077167 -0.29159602 0.89354258 -0.341399207 0.0701698782 -1.89447929 3.25383733
DSC08101.JPG 3844.89878 0 2593.5 0 3852.35618 1680.5 0 0 1 -0.855365773 -0.303534248 0.419781317 0.287797758 0.3953335 0.872286578 -0.430722468 0.866936205 -0.250798269 0.173457539 -1.89492048 3.12595258
DSC08102.JPG 3844.89878 0 2593.5 0 3852.35618 1680.5 0 0 1 -0.723511653 -0.349585145 0.595248783 0.390668457 0.50356155 0.770586739 -0.569130077 0.790073409 -0.227760761 0.0554461262 -1.69799256 3.37317823
DSC08103.JPG 3844.89878 0 2593.5 0 3852.35618 1680.5 0 0 1 -0.591069368 -0.425264491 0.68541018 0.441141607 0.540965676 0.716065793 -0.675300737 0.725607504 -0.132146379 0.0168237789 -1.64062553 3.34840953
DSC08104.JPG 3844.89878 0 2593.5 0 3852.35618 1680.5 0 0 1 -0.398788016 -0.461079388 0.792700395 0.521751448 0.596788055 0.609605974 -0.754150877 0.656696136 0.00257691395 -0.127735242 -1.6930523 3.34099429
DSC08105.JPG 3844.89878 0 2593.5 0 3852.35618 1680.5 0 0 1 -0.188098953 -0.494847149 0.848377913 0.634514731 0.598107127 0.489549712 -0.749673155 0.630392072 0.201484481 -0.342713562 -1.86512412 3.09336257
DSC08106.JPG 3844.89878 0 2593.5 0 3852.35618 1680.5 0 0 1 -0.0292373591 -0.521059248 0.853019599 0.672662907 0.620981352 0.402376409 -0.739371213 0.585559066 0.332341374 -0.284415026 -1.80547751 2.86985911
DSC08107.JPG 3844.89878 0 2593.5 0 3852.35618 1680.5 0 0 1 0.166558618 -0.507444545 0.845433771 0.651253845 0.700395472 0.292086654 -0.740355764 0.501942444 0.447132113 -0.27726656 -1.63949577 2.85679035
DSC08108.JPG 3844.89878 0 2593.5 0 3852.35618 1680.5 0 0 1 0.433772392 -0.459672913 0.774946659 0.590785842 0.79448778 0.140574739 -0.680304051 0.396850074 0.616195113 -0.425163481 -1.58234821 2.81091433
DSC08109.JPG 3844.89878 0 2593.5 0 3852.35618 1680.5 0 0 1 0.659125558 -0.407875962 0.631815399 0.488037679 0.871195016 0.0532772666 -0.572164943 0.273233313 0.773285739 -0.507894244 -1.55113164 2.89468976
DSC08110.JPG 3844.89878 0 2593.5 0 3852.35618 1680.5 0 0 1 0.804389527 -0.356349438 0.475365719 0.424394833 0.904592059 -0.0400278905 -0.415748139 0.233940771 0.878877239 -0.520579987 -1.60500915 2.82636479
DSC08111.JPG 3844.89878 0 2593.5 0 3852.35618 1680.5 0 0 1 0.893382514 -0.255729985 0.369418271 0.310508589 0.945683229 -0.0962686146 -0.324733892 0.200712243 0.924263217 -0.381229272 -1.55823105 2.83395354
DSC08112.JPG 3844.89878 0 2593.5 0 3852.35618 1680.5 0 0 1 0.983376417 -0.137349994 0.118767846 0.151659686 0.980965299 -0.121270034 -0.0998506975 0.137266386 0.985488598 -0.579989977 -1.49777 2.86485606
DSC08113.JPG 3844.89878 0 2593.5 0 3852.35618 1680.5 0 0 1 0.999110232 -0.036588547 -0.0209767112 0.0336589731 0.991439432 -0.126154372 0.0254129438 0.125336069 0.991788814 -0.386269501 -1.48187559 2.93633399
DSC08114.JPG 3844.89878 0 2593.5 0 3852.35618 1680.5 0 0 1 0.997361869 0.00428704776 -0.0724632605 -0.0108832309 0.995802373 -0.0908800833 0.0717694795 0.0914289641 0.993221972 -0.258888271 -1.20350387 3.74585875
DSC08115.JPG 3844.89878 0 2593.5 0 3852.35618 1680.5 0 0 1 0.954234295 0.129282933 -0.269671715 -0.158591726 0.983252266 -0.0897978008 0.253546002 0.128455844 0.958756237 -0.175381059 -1.16147845 3.7550153
DSC08116.JPG 3844.89878 0 2593.5 0 3852.35618 1680.5 0 0 1 0.85076914 0.248953863 -0.462832416 -0.298818563 0.953617826 -0.0363387903 0.43231856 0.169218839 0.885700653 -0.268921753 -1.17118687 3.57105198
DSC08117.JPG 3844.89878 0 2593.5 0 3852.35618 1680.5 0 0 1 0.719645246 0.314304335 -0.61913125 -0.375471845 0.926218384 0.0337697785 0.584064733 0.208164092 0.784561086 -0.246106416 -1.14310229 3.68388869
DSC08118.JPG 3844.89878 0 2593.5 0 3852.35618 1680.5 0 0 1 0.595874807 0.361392918 -0.717166907 -0.441975942 0.893190952 0.0828685119 0.670515086 0.267591261 0.691956962 0.118409273 -1.06575273 3.44982796
DSC08119.JPG 3844.89878 0 2593.5 0 3852.35618 1680.5 0 0 1 0.424072542 0.412830381 -0.806060516 -0.528242125 0.835719656 0.150109676 0.735610452 0.362137728 0.572480156 0.100932697 -1.25282457 3.38293234
DSC08120.JPG 3844.89878 0 2593.5 0 3852.35618 1680.5 0 0 1 0.163989198 0.462727637 -0.87120071 -0.548341331 0.776902396 0.309426004 0.820017882 0.426972834 0.38113629 0.0972420084 -1.22810665 3.52219855
DSC08121.JPG 3844.89878 0 2593.5 0 3852.35618 1680.5 0 0 1 -0.0320484975 0.471676728 -0.881188946 -0.532274092 0.738167255 0.414479667 0.845965239 0.482317496 0.227404151 0.273064769 -1.23685572 3.73239378
DSC08122.JPG 3844.89878 0 2593.5 0 3852.35618 1680.5 0 0 1 -0.234644861 0.445037184 -0.864224331 -0.53564249 0.682703575 0.496993915 0.811189813 0.579532341 0.07818794 0.277591217 -1.10775894 3.57430781
DSC08123.JPG 3844.89878 0 2593.5 0 3852.35618 1680.5 0 0 1 -0.451770782 0.42719423 -0.783203837 -0.521710237 0.58563263 0.620365095 0.723686112 0.688868284 -0.0417001087 0.330967636 -1.15042737 3.24850948
DSC08124.JPG 3844.89878 0 2593.5 0 3852.35618 1680.5 0 0 1 -0.657320402 0.339637486 -0.672737888 -0.47794746 0.50231088 0.72059004 0.58266295 0.7951919 -0.167850315 0.450115665 -1.28971889 3.39463498
DSC08125.JPG 3844.89878 0 2593.5 0 3852.35618 1680.5 0 0 1 -0.815474351 0.268989788 -0.512490075 -0.339643639 0.49457134 0.800025867 0.468661692 0.826464569 -0.311949572 0.262320552 -1.24023532 3.50948783
DSC08126.JPG 3844.89878 0 2593.5 0 3852.35618 1680.5 0 0 1 -0.906247255 0.199094643 -0.372930604 -0.26290123 0.425403388 0.86597627 0.331057179 0.882832533 -0.333178427 0.518222135 -1.44804943 3.45459405
DSC08127.JPG 3844.89878 0 2593.5 0 3852.35618 1680.5 0 0 1 -0.993704063 0.0550995662 -0.0975513914 -0.0708364005 0.365599551 0.928072827 0.0868011551 0.929139928 -0.359394704 0.388204293 -1.65361947 3.50501076
DSC08128.JPG 3844.89878 0 2593.5 0 3852.35618 1680.5 0 0 1 -0.987520487 -0.0955033948 0.125229349 0.0833287628 0.357886583 0.930039521 -0.133639835 0.928868287 -0.345462153 0.375651181 -1.58983246 3.51947924
DSC08129.JPG 3844.89878 0 2593.5 0 3852.35618 1680.5 0 0 1 -0.894051787 -0.19724506 0.402201179 0.292811162 0.422167159 0.857925704 -0.339017736 0.884799003 -0.319683748 0.317699136 -1.6394879 3.71252025
DSC08130.JPG 3844.89878 0 2593.5 0 3852.35618 1680.5 0 0 1 -0.749986544 -0.325915275 0.575586151 0.425825587 0.42798095 0.797185597 -0.506154871 0.842977781 -0.18219689 0.182845605 -1.63952648 3.46624231
DSC08131.JPG 3844.89878 0 2593.5 0 3852.35618 1680.5 0 0 1 -0.538493355 -0.40315198 0.739927962 0.511793323 0.541105027 0.667287752 -0.669397118 0.73802021 -0.0850509697 -0.0128080515 -1.62026446 3.66194554
DSC08132.JPG 3844.89878 0 2593.5 0 3852.35618 1680.5 0 0 1 -0.33899971 -0.472381052 0.813594087 0.572469668 0.582689537 0.576846065 -0.746563913 0.661308585 0.0728922398 -0.205225281 -1.58576597 3.693585
DSC08133.JPG 3844.89878 0 2593.5 0 3852.35618 1680.5 0 0 1 -0.145920832 -0.488871336 0.860065072 0.677676398 0.583972094 0.44691307 -0.720736991 0.648059727 0.246082872 -0.2198969 -1.55108802 3.13919461
DSC08134.JPG 3844.89878 0 2593.5 0 3852.35618 1680.5 0 0 1 0.11588766 -0.52186654 0.84511855 0.722998572 0.627732528 0.288487326 -0.681060287 0.577587385 0.450055217 -0.349114236 -1.59974871 2.92843196
DSC08135.JPG 3844.89878 0 2593.5 0 3852.35618 1680.5 0 0 1 0.462518253 -0.50296072 0.730142027 0.605737025 0.780615934 0.154017599 -0.647425302 0.371038109 0.665711048 -0.417454512 -1.39586041 3.33858238
DSC08136.JPG 3844.89878 0 2593.5 0 3852.35618 1680.5 0 0 1 0.656509148 -0.431873086 0.618450787 0.53954904 0.84181872 0.0151022001 -0.527145684 0.323769796 0.785678399 -0.229330682 -1.55631867 3.2376116
DSC08137.JPG 3844.89878 0 2593.5 0 3852.35618 1680.5 0 0 1 0.880046829 -0.262665159 0.39563189 0.313057319 0.947338412 -0.0674169788 -0.357089195 0.183185557 0.915931416 -0.483665627 -1.38332363 3.65130784
DSC08138.JPG 3844.89878 0 2593.5 0 3852.35618 1680.5 0 0 1 0.97459684 -0.162164455 0.154478765 0.173685289 0.982708372 -0.0641691208 -0.141401626 0.0893697113 0.985910054 -0.581307199 -1.40211588 3.72829726
DSC08139.JPG 3844.89878 0 2593.5 0 3852.35618 1680.5 0 0 1 0.982713529 -0.120114867 0.140877745 0.13435863 0.986236997 -0.0963552996 -0.127365141 0.113617797 0.985326909 -0.366571125 -1.43995402 3.58980232
DSC08140.JPG 3844.89878 0 2593.5 0 3852.35618 1680.5 0 0 1 0.999588314 -0.0148856508 -0.0245279495 0.0143416385 0.999650502 -0.0222078904 0.024849956 0.0218469768 0.999452445 -0.34099046 -1.1586757 3.95894859
