301
00001.jpg 1159.58807 0 979.5 0 1164.66013 545 0 0 1 0.876134201 -0.0474742184 -0.479723941 0.0692596203 0.997211094 0.0278053765 0.477065998 -0.0575867393 0.876978792 0.830724471 0.423304183 4.72019668
00002.jpg 1159.58807 0 979.5 0 1164.66013 545 0 0 1 0.896992045 -0.0450826805 -0.43974177 0.0652522311 0.997391839 0.0308490927 0.437204092 -0.0563655224 0.89759429 1.03796196 0.420174673 4.67804612
00003.jpg 1159.58807 0 979.5 0 1164.66013 545 0 0 1 0.91706752 -0.0423730001 -0.396474074 0.0609809771 0.997544576 0.0344403781 0.39404122 -0.0557615287 0.917399678 1.21976305 0.415614984 4.5934256
00004.jpg 1159.58807 0 979.5 0 1164.66013 545 0 0 1 0.976368035 -0.0347637473 -0.213300124 0.0444514526 0.998178455 0.0407901955 0.211493568 -0.0493077434 0.976134835 1.94675788 0.381220792 4.17985585
00005.jpg 1159.58807 0 979.5 0 1164.66013 545 0 0 1 0.996777527 -0.0227919207 -0.0769096184 0.0289127885 0.996420701 0.0794344889 0.0748238712 -0.0814021849 0.99386874 2.3894223 0.473937903 3.76489381
00006.jpg 1159.58807 0 979.5 0 1164.66013 545 0 0 1 0.99959399 -0.00887487369 0.0270756718 0.00653127206 0.996321093 0.0854495347 -0.0277344167 -0.0852380027 0.99597454 2.76289877 0.429840616 3.46766157
00007.jpg 1159.58807 0 979.5 0 1164.66013 545 0 0 1 0.997247086 0.0026735615 0.0741019667 -0.0094491599 0.995784357 0.0912372067 -0.073545651 -0.0916862399 0.993068311 2.9275964 0.406207908 3.3317187
00008.jpg 1159.58807 0 979.5 0 1164.66013 545 0 0 1 0.999768628 0.00783241268 0.0200335719 -0.00978946297 0.99498582 0.0995358399 -0.0191535142 -0.099708928 0.994832284 2.72887768 0.423012055 3.48928037
00009.jpg 1159.58807 0 979.5 0 1164.66013 545 0 0 1 0.998273129 0.00650613609 0.0583817693 -0.0119287077 0.995592823 0.093019551 -0.0575192726 -0.0935553372 0.993951172 2.72787796 0.403734292 3.44882035
00010.jpg 1159.58807 0 979.5 0 1164.66013 545 0 0 1 0.994777329 0.0142365045 0.101071201 -0.0229284647 0.996085897 0.0853649258 -0.0994602993 -0.0872365003 0.99121009 2.70514951 0.356146396 3.35932261
00011.jpg 1159.58807 0 979.5 0 1164.66013 545 0 0 1 0.953269106 0.0266587268 0.300944055 -0.0442469907 0.997677893 0.0517786164 -0.298864879 -0.0626748241 0.952235082 3.10511072 0.204195358 2.7820033
00012.jpg 1159.58807 0 979.5 0 1164.66013 545 0 0 1 0.971534645 0.0385087608 0.233746676 -0.021438144 0.996942711 -0.0751374486 -0.235925495 0.0679875396 0.96938994 2.70173013 -0.147072278 2.90656866
00013.jpg 1159.58807 0 979.5 0 1164.66013 545 0 0 1 0.986440182 0.0263818382 0.161986932 -0.00793520689 0.993508108 -0.113484236 -0.163929253 0.110660011 0.980245664 2.27344313 -0.22028672 3.02214883
00014.jpg 1159.58807 0 979.5 0 1164.66013 545 0 0 1 0.996559667 0.00697901262 0.0825840408 -0.00098701642 0.997376945 -0.0723757941 -0.0828725299 0.0720452855 0.993952524 1.79655771 -0.0502693306 3.12174543
00015.jpg 1159.58807 0 979.5 0 1164.66013 545 0 0 1 0.999912569 -0.0077814959 0.0106912274 0.00714366547 0.998264514 0.0584544983 -0.0111275364 -0.0583730131 0.998232823 1.28827851 0.404441343 3.16455038
00016.jpg 1159.58807 0 979.5 0 1164.66013 545 0 0 1 0.999458143 -0.0129625345 -0.0302554511 0.0154307696 0.996444485 0.082826803 0.0290742321 -0.0832487877 0.996104577 0.908485161 0.582799174 3.07448501
00017.jpg 1159.58807 0 979.5 0 1164.66013 545 0 0 1 0.999881342 -0.0142683704 0.00580653014 0.0137423757 0.996512943 0.082298852 -0.00696055294 -0.0822092911 0.99659078 0.785908661 0.587508211 2.89284463
00018.jpg 1159.58807 0 979.5 0 1164.66013 545 0 0 1 0.999960968 -0.00855601316 0.00220369613 0.00833812468 0.996356624 0.0848761117 -0.00292186837 -0.0848544242 0.996389075 0.557737473 0.511184223 2.8663869
00019.jpg 1159.58807 0 979.5 0 1164.66013 545 0 0 1 0.998300087 -0.00628336945 -0.0579435519 0.0121139795 0.99482982 0.100830952 0.0570104152 -0.101361475 0.993214813 0.174883253 0.479634689 2.79662474
00020.jpg 1159.58807 0 979.5 0 1164.66013 545 0 0 1 0.994594781 -0.00672706227 -0.103614521 0.0177282466 0.994248229 0.105622762 0.102308023 -0.106888751 0.988993359 -0.155914616 0.41267612 2.67433174
00021.jpg 1159.58807 0 979.5 0 1164.66013 545 0 0 1 0.985622488 -0.0057592989 -0.168864271 0.0160051043 0.998107335 0.0593766352 0.168202699 -0.0612256371 0.983849213 -0.607435694 0.243694913 2.63652381
00022.jpg 1159.58807 0 979.5 0 1164.66013 545 0 0 1 0.969734325 -0.0129527627 -0.243818713 -0.022094466 0.989839712 -0.140460593 0.243160797 0.141596503 0.959595361 -1.00185458 -0.309766342 2.43144027
00023.jpg 1159.58807 0 979.5 0 1164.66013 545 0 0 1 0.949040386 -0.0315726525 -0.313568992 -0.0255231388 0.984001071 -0.176324875 0.314119268 0.175342693 0.933050923 -1.39289757 -0.347837162 2.08082528
00024.jpg 1159.58807 0 979.5 0 1164.66013 545 0 0 1 0.922266145 -0.0506092156 -0.383228215 -0.0188167971 0.984339484 -0.175276092 0.386097249 0.168862334 0.906870678 -1.80748185 -0.2839738 1.82648421
00025.jpg 1159.58807 0 979.5 0 1164.66013 545 0 0 1 0.920864887 -0.0629820417 -0.384761124 0.00120106254 0.987319522 -0.158741045 0.389880004 0.145716932 0.909263525 -2.02912455 -0.152593739 1.66438555
00026.jpg 1159.58807 0 979.5 0 1164.66013 545 0 0 1 0.954333883 -0.0724394725 -0.289826437 0.0619161993 0.997051546 -0.0453276841 0.29225541 0.0253127933 0.95600525 -2.02715507 0.0598705325 1.69560995
00027.jpg 1159.58807 0 979.5 0 1164.66013 545 0 0 1 0.997604704 -0.0656042696 0.0219301971 0.0655556234 0.997844613 0.00293060187 -0.022075189 -0.00148593447 0.999755209 -1.50772364 0.115350231 2.23687499
00028.jpg 1159.58807 0 979.5 0 1164.66013 545 0 0 1 0.947610946 -0.0304842556 0.317968876 0.0321403367 0.999483365 3.76497689e-05 -0.31780575 0.0101839494 0.948101151 -0.772970441 0.152871433 2.59102102
00029.jpg 1159.58807 0 979.5 0 1164.66013 545 0 0 1 0.8094881 0.015514855 0.586931261 -0.00870964524 0.999858123 -0.0144178718 -0.58707168 0.00655913259 0.809508382 0.0965268778 0.18040684 2.70081057
00030.jpg 1159.58807 0 979.5 0 1164.66013 545 0 0 1 0.61801471 0.0580661624 0.784019221 -0.0422922318 0.998280134 -0.0405973146 -0.785028143 -0.008068185 0.619407555 0.860192286 0.166013036 2.54413307
00031.jpg 1159.58807 0 979.5 0 1164.66013 545 0 0 1 0.515781079 0.0890886285 0.852075757 -0.0679546045 0.995699185 -0.0629706633 -0.854021107 -0.0254233945 0.519616782 1.12950806 0.116723021 2.44085938
00032.jpg 1159.58807 0 979.5 0 1164.66013 545 0 0 1 0.440320785 0.102716121 0.891945629 -0.0777599478 0.994064323 -0.0760888425 -0.894466878 -0.0358541467 0.445694384 1.203222 0.0833319692 2.3330028
00033.jpg 1159.58807 0 979.5 0 1164.66013 545 0 0 1 0.246698893 0.113437479 0.962430047 -0.0837018935 0.991908266 -0.0954567129 -0.965470688 -0.0570081518 0.254197603 1.56523318 0.0868830448 2.19712199
00034.jpg 1159.58807 0 979.5 0 1164.66013 545 0 0 1 0.279820153 0.122794513 0.952167102 -0.0892362552 0.99081962 -0.10155477 -0.955896214 -0.0565507553 0.28820902 1.23739319 0.11112675 2.38429556
00035.jpg 1159.58807 0 979.5 0 1164.66013 545 0 0 1 0.233630159 0.120792381 0.964793319 -0.0838476873 0.99106001 -0.103776786 -0.968703522 -0.0566503014 0.24166967 1.21874543 0.157623318 2.55357792
00036.jpg 1159.58807 0 979.5 0 1164.66013 545 0 0 1 0.182811954 0.119376409 0.975873487 -0.0806206773 0.991078187 -0.106133564 -0.97983677 -0.0592730972 0.190805147 1.21263887 0.185184387 2.73699685
00037.jpg 1159.58807 0 979.5 0 1164.66013 545 0 0 1 0.253676401 0.117656745 0.960106856 -0.078811979 0.991788791 -0.10071577 -0.964073107 -0.0501187072 0.260866172 0.887285928 0.196480004 2.96526089
00038.jpg 1159.58807 0 979.5 0 1164.66013 545 0 0 1 0.300957611 0.114050947 0.946792954 -0.0674833627 0.992880776 -0.0981517241 -0.95124682 -0.0343532639 0.306511568 0.500142068 0.219345455 3.16286087
00039.jpg 1159.58807 0 979.5 0 1164.66013 545 0 0 1 0.250867717 0.110186704 0.961729837 -0.0599851058 0.993360812 -0.0981635627 -0.966161051 -0.0330633972 0.25581172 0.482705953 0.213830276 3.32791884
00040.jpg 1159.58807 0 979.5 0 1164.66013 545 0 0 1 0.214862527 0.104466329 0.971041132 -0.0564989737 0.993927273 -0.0944269182 -0.975008698 -0.0345740212 0.219459965 0.607321152 0.22482514 3.58655462
00041.jpg 1159.58807 0 979.5 0 1164.66013 545 0 0 1 0.234129306 0.102708236 0.966764959 -0.0296833046 0.994695546 -0.09848691 -0.971752216 -0.00563810688 0.235936098 0.461849744 0.139835542 3.87003256
00042.jpg 1159.58807 0 979.5 0 1164.66013 545 0 0 1 0.301909136 0.100872995 0.947984975 2.25380791e-05 0.994385561 -0.105817557 -0.953336705 0.0319686529 0.300211812 0.0265452649 0.060958779 4.08156925
00043.jpg 1159.58807 0 979.5 0 1164.66013 545 0 0 1 0.360588425 0.0942199323 0.927953982 0.00732936335 0.994567879 -0.103831659 -0.932696236 0.0442418064 0.357939093 -0.366282491 0.055827391 4.25222532
00044.jpg 1159.58807 0 979.5 0 1164.66013 545 0 0 1 0.444717818 0.0844554104 0.89168007 0.0103355421 0.99499432 -0.0993955751 -0.895611098 0.0534189802 0.44161881 -0.779275105 0.0706901921 4.23118221
00045.jpg 1159.58807 0 979.5 0 1164.66013 545 0 0 1 0.573720393 0.074372166 0.815667636 0.00610894249 0.995452633 -0.0950617507 -0.819028444 0.0595217316 0.57065714 -1.43298197 0.0999093707 4.06415242
00046.jpg 1159.58807 0 979.5 0 1164.66013 545 0 0 1 0.64897239 0.0661249059 0.757932935 0.00200184792 0.996063993 -0.0886144126 -0.760809325 0.0590255736 0.646285659 -1.81969139 0.228621144 3.8849024
00047.jpg 1159.58807 0 979.5 0 1164.66013 545 0 0 1 0.701865736 0.0592536443 0.709840471 -0.0120989671 0.997382033 -0.0712930184 -0.712206504 0.0414497903 0.700745183 -2.10455058 0.372694249 3.71561069
00048.jpg 1159.58807 0 979.5 0 1164.66013 545 0 0 1 0.739075978 0.053850308 0.671466189 -0.0222266831 0.998206279 -0.0555895571 -0.67325528 0.0261604401 0.738947196 -2.31792536 0.397127635 3.52289587
00049.jpg 1159.58807 0 979.5 0 1164.66013 545 0 0 1 0.671723555 0.0556273547 0.738710406 -0.0157181621 0.998022448 -0.0608615888 -0.740635137 0.0292709928 0.671269546 -2.00737308 0.271223223 3.4412255
00050.jpg 1159.58807 0 979.5 0 1164.66013 545 0 0 1 0.528468887 0.063603412 0.846566738 -0.0125468049 0.997665796 -0.0671232995 -0.848859949 0.0248508677 0.528033353 -1.50681463 0.185639964 3.49143412
00051.jpg 1159.58807 0 979.5 0 1164.66013 545 0 0 1 0.326284475 0.0771082783 0.942121412 -0.0140613946 0.996953048 -0.0767261177 -0.945167032 0.0117870001 0.326374552 -0.956710118 0.124417232 3.57475186
00052.jpg 1159.58807 0 979.5 0 1164.66013 545 0 0 1 0.117364875 0.087737365 0.98920556 -0.0362424297 0.995804539 -0.0840226555 -0.992427313 -0.0259899045 0.120052291 -0.375641674 0.161761232 3.76672651
00053.jpg 1159.58807 0 979.5 0 1164.66013 545 0 0 1 -0.129147272 0.094249871 0.987136234 -0.0433752874 0.993983184 -0.100578404 -0.990676318 -0.0558067443 -0.124282102 0.374878061 0.210720143 3.90448418
00054.jpg 1159.58807 0 979.5 0 1164.66013 545 0 0 1 -0.254226333 0.103536693 0.961586774 -0.00998343395 0.993919298 -0.109657466 -0.967093223 -0.0374777535 -0.251646807 0.799728401 0.0854715711 4.07278861
00055.jpg 1159.58807 0 979.5 0 1164.66013 545 0 0 1 -0.215336886 0.112480062 0.97004034 0.00146889201 0.993380559 -0.114860378 -0.976538718 -0.0233087916 -0.214076698 0.513291711 0.0546941836 4.33146667
00056.jpg 1159.58807 0 979.5 0 1164.66013 545 0 0 1 -0.168175817 0.116954117 0.978794477 0.00517434118 0.993027918 -0.117765789 -0.985743436 -0.0147407413 -0.167608442 0.0851850544 0.0545060554 4.59125063
00057.jpg 1159.58807 0 979.5 0 1164.66013 545 0 0 1 -0.170426557 0.116509034 0.978458192 0.0120708076 0.993157529 -0.116156867 -0.985296445 -0.00798543433 -0.170666776 -0.114724061 0.108635501 4.83494889
00058.jpg 1159.58807 0 979.5 0 1164.66013 545 0 0 1 -0.191825135 0.115629578 0.974593719 0.0192567729 0.993287531 -0.114057256 -0.981240182 -0.0031115186 -0.192764168 -0.221754336 0.156389525 5.04243933
00059.jpg 1159.58807 0 979.5 0 1164.66013 545 0 0 1 -0.206957292 0.114270192 0.971653746 0.0284049318 0.99343872 -0.110782082 -0.977937544 0.00467259866 -0.208845224 -0.408525977 0.121632326 5.25051161
00060.jpg 1159.58807 0 979.5 0 1164.66013 545 0 0 1 -0.186597196 0.109565872 0.976307742 0.0331395409 0.993898103 -0.105206137 -0.981877415 0.0127232201 -0.189089562 -0.635210824 0.0864826948 5.52283031
00061.jpg 1159.58807 0 979.5 0 1164.66013 545 0 0 1 -0.120056506 0.107018693 0.986981983 0.0384004973 0.99392937 -0.103100962 -0.992024111 0.0255226576 -0.123437259 -1.04265571 0.0511604883 5.60832405
00062.jpg 1159.58807 0 979.5 0 1164.66013 545 0 0 1 -0.0808967051 0.102566499 0.991431206 0.010157837 0.994724498 -0.102078362 -0.996670729 0.00181299342 -0.0815117881 -1.15569866 0.112307068 5.31811089
00063.jpg 1159.58807 0 979.5 0 1164.66013 545 0 0 1 -0.0625817547 0.101013047 0.992914844 -0.0206756236 0.994520219 -0.102479518 -0.997825657 -0.0269424816 -0.0601503127 -1.05630569 0.175427429 5.00678404
00064.jpg 1159.58807 0 979.5 0 1164.66013 545 0 0 1 -0.0183917137 0.105899947 0.994206692 -0.0309236189 0.993838912 -0.106432825 -0.999352528 -0.0327019509 -0.0150035911 -1.15823723 0.176182365 4.63737364
00065.jpg 1159.58807 0 979.5 0 1164.66013 545 0 0 1 -0.00357544763 0.107701526 0.994176844 -0.0447925032 0.993168088 -0.107753337 -0.998989914 -0.0449169359 0.00127320049 -1.07454436 0.230773751 4.3446566
00066.jpg 1159.58807 0 979.5 0 1164.66013 545 0 0 1 0.0604414708 0.11258872 0.991801698 -0.0592731365 0.992269733 -0.109029682 -0.996410319 -0.0521972831 0.0666477286 -1.19976172 0.236775589 3.98110506
00067.jpg 1159.58807 0 979.5 0 1164.66013 545 0 0 1 0.133914246 0.115241369 0.984269476 -0.0665816298 0.99201747 -0.107089802 -0.988753691 -0.0511934159 0.14051823 -1.30712317 0.213429778 3.63070752
00068.jpg 1159.58807 0 979.5 0 1164.66013 545 0 0 1 0.28511067 0.11718387 0.951304287 0.00435773368 0.99232959 -0.123543497 -0.958484698 0.0393690998 0.282413098 -1.76397568 -0.0953493876 3.16418871
00069.jpg 1159.58807 0 979.5 0 1164.66013 545 0 0 1 0.440151368 0.106641574 0.891568476 0.148747571 0.970543969 -0.189521936 -0.885517325 0.216036985 0.411323581 -2.20698675 -0.529511494 2.62266927
00070.jpg 1159.58807 0 979.5 0 1164.66013 545 0 0 1 0.519908862 0.0948550111 0.848938927 0.111940222 0.977680184 -0.177794389 -0.846855455 0.187467291 0.497686501 -2.39569493 -0.316751234 2.30267851
00071.jpg 1159.58807 0 979.5 0 1164.66013 545 0 0 1 0.435674726 0.0976659221 0.894789864 0.0478400166 0.990178275 -0.131370912 -0.898831945 0.100041748 0.426723309 -2.24535973 -0.0630702943 2.46832562
00072.jpg 1159.58807 0 979.5 0 1164.66013 545 0 0 1 0.202415394 0.0907565435 0.975085257 -0.0819180692 0.993775898 -0.0754910268 -0.975867531 -0.0645965555 0.208590141 -1.64412655 0.29556005 2.93106746
00073.jpg 1159.58807 0 979.5 0 1164.66013 545 0 0 1 -0.0269199946 0.0844455221 0.996064389 -0.156589113 0.983768235 -0.0876350979 -0.987296897 -0.158331975 -0.0132597862 -0.926514011 0.522230152 3.24942837
00074.jpg 1159.58807 0 979.5 0 1164.66013 545 0 0 1 -0.0801416219 0.109651437 0.990734012 -0.150427449 0.981217133 -0.120766389 -0.985367395 -0.158712005 -0.0621417464 -0.771918429 0.516145561 3.29625333
00075.jpg 1159.58807 0 979.5 0 1164.66013 545 0 0 1 -0.134182375 0.12849868 0.982590036 -0.114065143 0.982963552 -0.144124249 -0.984369968 -0.131418207 -0.117239164 -0.619840299 0.408076033 3.26218212
00076.jpg 1159.58807 0 979.5 0 1164.66013 545 0 0 1 -0.28502561 0.136067966 0.948812895 -0.0840672689 0.982509752 -0.16615439 -0.954826212 -0.127122365 -0.26860158 -0.195870529 0.361808327 3.22322813
00077.jpg 1159.58807 0 979.5 0 1164.66013 545 0 0 1 -0.375885221 0.144864865 0.915272895 -0.0262293513 0.98564603 -0.166775074 -0.926294943 -0.0866952999 -0.366690064 0.0891117743 0.198823686 3.19812709
00078.jpg 1159.58807 0 979.5 0 1164.66013 545 0 0 1 -0.403118732 0.148270228 0.903056603 -0.0157944213 0.985513637 -0.168859137 -0.915011379 -0.0823335376 -0.394937165 0.143129356 0.241271325 3.10885561
00079.jpg 1159.58807 0 979.5 0 1164.66013 545 0 0 1 -0.578800696 0.137296833 0.803827926 0.000889938605 0.985830403 -0.167742735 -0.815468554 -0.0963742543 -0.570721509 0.695070412 0.32346995 2.98559116
00080.jpg 1159.58807 0 979.5 0 1164.66013 545 0 0 1 -0.616994292 0.133922593 0.775488738 0.00196969791 0.985673485 -0.168653199 -0.786965161 -0.102530582 -0.608418701 0.816642151 0.385814775 2.9469493
00081.jpg 1159.58807 0 979.5 0 1164.66013 545 0 0 1 -0.555529607 0.139401834 0.819727995 -0.00479278304 0.985293078 -0.170805676 -0.831482944 -0.0988163886 -0.546691353 0.517596917 0.487874578 3.00007159
00082.jpg 1159.58807 0 979.5 0 1164.66013 545 0 0 1 -0.533386195 0.137272157 0.834658925 -0.00944442689 0.985715975 -0.168151183 -0.845819112 -0.0975723946 -0.524470836 0.411794854 0.581115675 3.0157455
00083.jpg 1159.58807 0 979.5 0 1164.66013 545 0 0 1 -0.507011655 0.136750689 0.851021992 -0.0158700909 0.985685701 -0.167844687 -0.861793086 -0.0986050088 -0.497583892 0.220438215 0.677679145 3.0304387
00084.jpg 1159.58807 0 979.5 0 1164.66013 545 0 0 1 -0.470922989 0.137549551 0.871384909 -0.0269761554 0.985062257 -0.170072446 -0.881761774 -0.103597639 -0.460177904 0.0227498236 0.749733941 3.01978131
00085.jpg 1159.58807 0 979.5 0 1164.66013 545 0 0 1 -0.4321361 0.138684847 0.891080751 -0.0369765997 0.984548447 -0.171163919 -0.901050011 -0.106915245 -0.420330832 -0.196483691 0.891979317 3.00207282
00086.jpg 1159.58807 0 979.5 0 1164.66013 545 0 0 1 -0.454544922 0.134809613 0.880463107 -0.0232296965 0.986350137 -0.163014691 -0.890420853 -0.0945503905 -0.445208859 -0.181113881 0.758072917 3.0722987
00087.jpg 1159.58807 0 979.5 0 1164.66013 545 0 0 1 -0.548281872 0.134598175 0.82539101 0.234571924 0.97209501 -0.00270257461 -0.802722244 0.192131785 -0.564555025 0.177927871 -0.269495629 3.14994826
00088.jpg 1159.58807 0 979.5 0 1164.66013 545 0 0 1 -0.586597604 0.115432216 0.801610039 0.404759502 0.899095878 0.166722369 -0.701479149 0.422258223 -0.574129773 0.282295169 -1.04402343 2.96327218
00089.jpg 1159.58807 0 979.5 0 1164.66013 545 0 0 1 -0.416138597 0.0857307319 0.905250744 0.484390769 0.863430576 0.140901469 -0.769541585 0.497129644 -0.400833963 -0.429453631 -1.22456267 2.85579714
00090.jpg 1159.58807 0 979.5 0 1164.66013 545 0 0 1 -0.261984664 0.0638197304 0.962959541 0.593877059 0.797173673 0.108739016 -0.7607063 0.600367535 -0.246748351 -1.02310239 -1.46871731 2.59347519
00091.jpg 1159.58807 0 979.5 0 1164.66013 545 0 0 1 -0.155274639 0.0443597214 0.986874866 0.60243629 0.795982772 0.0590079912 -0.782917814 0.603691677 -0.150319844 -1.46921538 -1.33269787 2.44308706
00092.jpg 1159.58807 0 979.5 0 1164.66013 545 0 0 1 -0.224972177 0.0249127267 0.97404665 0.422393696 0.903349394 0.0744542708 -0.878049591 0.428181304 -0.213751459 -1.37912784 -0.85598798 2.75143236
00093.jpg 1159.58807 0 979.5 0 1164.66013 545 0 0 1 -0.339549056 0.0269887841 0.940201066 0.171293186 0.984647084 0.0335970818 -0.924859494 0.172457894 -0.338958982 -1.04929047 -0.104981928 3.01918302
00094.jpg 1159.58807 0 979.5 0 1164.66013 545 0 0 1 -0.35511804 0.0411072752 0.933917218 -0.0402513563 0.997433803 -0.0592084261 -0.933954499 -0.0586174149 -0.352552113 -1.00766249 0.635036972 2.98773501
00095.jpg 1159.58807 0 979.5 0 1164.66013 545 0 0 1 -0.396223264 0.0758528705 0.915015556 -0.192577894 0.967548085 -0.163598466 -0.897730962 -0.241033287 -0.368757474 -0.852291772 1.24859692 2.84317362
00096.jpg 1159.58807 0 979.5 0 1164.66013 545 0 0 1 -0.382151578 0.122210233 0.915982986 -0.221508398 0.950205058 -0.219190278 -0.897158961 -0.286661834 -0.336051769 -0.914021633 1.38410312 2.69117259
00097.jpg 1159.58807 0 979.5 0 1164.66013 545 0 0 1 -0.410649128 0.149623047 0.899433287 -0.210529098 0.944229703 -0.253195116 -0.88715545 -0.293331232 -0.3562471 -0.899578308 1.35924811 2.75216074
00098.jpg 1159.58807 0 979.5 0 1164.66013 545 0 0 1 -0.362390873 0.176854756 0.915093028 -0.206868309 0.942079126 -0.263993227 -0.908778498 -0.284972483 -0.304815233 -1.06807048 1.33503841 2.68169021
00099.jpg 1159.58807 0 979.5 0 1164.66013 545 0 0 1 -0.386933452 0.179908814 0.904386711 -0.198015844 0.941689568 -0.272048676 -0.900595486 -0.284347631 -0.3287464 -1.04725899 1.32700878 2.71528574
00100.jpg 1159.58807 0 979.5 0 1164.66013 545 0 0 1 -0.488836196 0.184166293 0.85271446 -0.178772892 0.935570259 -0.304546456 -0.85386148 -0.301315561 -0.424416666 -0.776300953 1.33460873 2.82901922
00101.jpg 1159.58807 0 979.5 0 1164.66013 545 0 0 1 -0.431903237 0.216167626 0.875631859 -0.141669658 0.942541671 -0.302563887 -0.890724033 -0.254728788 -0.376462405 -0.98675427 1.22579093 2.80449933
00102.jpg 1159.58807 0 979.5 0 1164.66013 545 0 0 1 -0.383617272 0.221338437 0.896575198 -0.142343699 0.945079106 -0.294217188 -0.912456059 -0.240488625 -0.331042537 -1.17985176 1.121916 2.77017433
00103.jpg 1159.58807 0 979.5 0 1164.66013 545 0 0 1 -0.44445133 0.20178887 0.872779621 -0.136109312 0.947774638 -0.288439753 -0.885402321 -0.246990866 -0.393774354 -1.02018927 1.04749624 2.87265842
00104.jpg 1159.58807 0 979.5 0 1164.66013 545 0 0 1 -0.619880036 0.174091912 0.765140999 -0.0939117943 0.95161155 -0.292602175 -0.779056684 -0.253234011 -0.573535718 -0.423971689 0.918385474 3.05889215
00105.jpg 1159.58807 0 979.5 0 1164.66013 545 0 0 1 -0.587404224 0.180343845 0.788943835 -0.081453672 0.956730013 -0.27934384 -0.805184188 -0.228350124 -0.547297583 -0.552178431 0.848659108 3.03337686
00106.jpg 1159.58807 0 979.5 0 1164.66013 545 0 0 1 -0.578533791 0.167946574 0.798180807 -0.085218848 0.960771109 -0.263925414 -0.811194428 -0.220709819 -0.541526339 -0.626317969 0.704733619 3.07994075
00107.jpg 1159.58807 0 979.5 0 1164.66013 545 0 0 1 -0.650732377 0.145917285 0.745154695 -0.0810827816 0.962396284 -0.259266224 -0.754965533 -0.229132141 -0.614431042 -0.37085485 0.612359852 3.20503424
00108.jpg 1159.58807 0 979.5 0 1164.66013 545 0 0 1 -0.687051129 0.140963469 0.712804353 -0.0723860582 0.962842569 -0.260181564 -0.72299447 -0.230355135 -0.651318284 -0.287350226 0.577578861 3.34121102
00109.jpg 1159.58807 0 979.5 0 1164.66013 545 0 0 1 -0.742436697 0.134494201 0.656276665 -0.0135366298 0.976428041 -0.215418294 -0.669779449 -0.168818221 -0.723115411 -0.173922609 0.345213581 3.55114012
00110.jpg 1159.58807 0 979.5 0 1164.66013 545 0 0 1 -0.761463336 0.135428743 0.633902708 0.0285989763 0.983997872 -0.175870084 -0.64757678 -0.115789652 -0.753151426 -0.232323888 0.148922891 3.69026119
00111.jpg 1159.58807 0 979.5 0 1164.66013 545 0 0 1 -0.826963147 0.119567727 0.549395589 0.049132633 0.988756481 -0.141232456 -0.560105293 -0.0898007843 -0.823539848 0.0806207747 -0.000557373428 3.96208553
00112.jpg 1159.58807 0 979.5 0 1164.66013 545 0 0 1 -0.828912273 0.111867431 0.548078573 0.0923319652 0.993721565 -0.0631843335 -0.551705766 -0.00176909773 -0.83403694 -0.012566556 -0.385758282 4.1674729
00113.jpg 1159.58807 0 979.5 0 1164.66013 545 0 0 1 -0.842016838 0.102985355 0.529529661 0.111182428 0.993663716 -0.016458632 -0.527869409 0.0450159483 -0.848131742 -0.0760609646 -0.583933921 4.30939043
00114.jpg 1159.58807 0 979.5 0 1164.66013 545 0 0 1 -0.939859256 0.0779892999 0.332539091 0.0890412255 0.995863438 0.0181017142 -0.329751783 0.0466227518 -0.942915734 0.815790088 -0.634580604 4.33221156
00115.jpg 1159.58807 0 979.5 0 1164.66013 545 0 0 1 -0.944420804 0.0585251663 0.32348748 0.0678430171 0.997540882 0.0175929863 -0.321662353 0.0385615489 -0.946068886 0.676139798 -0.482745295 4.43758955
00116.jpg 1159.58807 0 979.5 0 1164.66013 545 0 0 1 -0.953632459 0.0427370211 0.297923951 0.0127602975 0.994718233 -0.101846999 -0.300703024 -0.0933230055 -0.949140932 0.709183093 0.139429096 4.52855739
00117.jpg 1159.58807 0 979.5 0 1164.66013 545 0 0 1 -0.948295335 0.043026752 0.314459308 -0.00702721631 0.987679335 -0.156333456 -0.317311481 -0.15046006 -0.936309348 0.589562565 0.391212618 4.54288014
00118.jpg 1159.58807 0 979.5 0 1164.66013 545 0 0 1 -0.939979567 0.0530151065 0.337087247 -0.00351306555 0.986301359 -0.164916003 -0.341212649 -0.156201883 -0.926916879 0.300689605 0.333862382 4.55159991
00119.jpg 1159.58807 0 979.5 0 1164.66013 545 0 0 1 -0.940884505 0.0626182959 0.332889316 0.00867653588 0.986897138 -0.161117213 -0.338616398 -0.148704363 -0.929099536 0.0915932396 0.279825871 4.42031666
00120.jpg 1159.58807 0 979.5 0 1164.66013 545 0 0 1 -0.971707836 0.0583608434 0.22886217 0.0235270561 0.988088859 -0.152075262 -0.235011401 -0.142388271 -0.961506746 0.312872402 0.210569976 4.27742548
00121.jpg 1159.58807 0 979.5 0 1164.66013 545 0 0 1 -0.993588911 0.0516345368 0.100573109 0.0380801489 0.990476685 -0.132309633 -0.106447066 -0.127631545 -0.986092902 0.66069122 0.0991299332 4.08201168
00122.jpg 1159.58807 0 979.5 0 1164.66013 545 0 0 1 -0.998916609 0.0463938162 0.00363618012 0.0455867464 0.991248988 -0.123884189 -0.00935182014 -0.123584212 -0.992290021 0.886199754 0.0734497032 3.78475883
00123.jpg 1159.58807 0 979.5 0 1164.66013 545 0 0 1 -0.99724528 0.0444346488 -0.059392029 0.051719748 0.990506554 -0.127364965 0.0531687765 -0.130085851 -0.990076135 0.852070505 0.0796830189 3.57295701
00124.jpg 1159.58807 0 979.5 0 1164.66013 545 0 0 1 -0.992345007 0.0403650979 -0.116713525 0.0558159119 0.98963617 -0.132305837 0.110163388 -0.137807508 -0.984313527 0.855688831 0.0910202029 3.41383253
00125.jpg 1159.58807 0 979.5 0 1164.66013 545 0 0 1 -0.996525164 0.0459971185 -0.0694396279 0.0553734879 0.988631868 -0.139788436 0.0622203638 -0.143147808 -0.987743555 0.537949966 0.106030248 3.40611484
00126.jpg 1159.58807 0 979.5 0 1164.66013 545 0 0 1 -0.997345706 0.0466020287 -0.0559445533 0.0534141588 0.990438282 -0.127196453 0.0494820145 -0.129847067 -0.990298576 0.447200137 0.0324741674 3.60000883
00127.jpg 1159.58807 0 979.5 0 1164.66013 545 0 0 1 -0.967134092 0.0221472869 -0.253300504 0.0512022557 0.992755577 -0.10869542 0.249058179 -0.118092603 -0.961261754 1.10404435 -0.0655198064 3.7502927
00128.jpg 1159.58807 0 979.5 0 1164.66013 545 0 0 1 -0.879854162 -0.00483915271 -0.475219145 0.0472851002 0.994094928 -0.0976698223 0.47288558 -0.108405985 -0.87442974 1.9607223 -0.109862871 3.61881073
00129.jpg 1159.58807 0 979.5 0 1164.66013 545 0 0 1 -0.739557585 -0.0279439112 -0.672512985 0.049095359 0.994236998 -0.095301826 0.671300397 -0.103498455 -0.733923597 2.66803113 -0.0814483104 3.22274889
00130.jpg 1159.58807 0 979.5 0 1164.66013 545 0 0 1 -0.729406394 -0.022804997 -0.683700405 0.0566342825 0.994000097 -0.0935754558 0.681732257 -0.106975418 -0.723738482 2.51506575 -0.107515843 3.38364844
00131.jpg 1159.58807 0 979.5 0 1164.66013 545 0 0 1 -0.747486483 -0.0159298763 -0.664085986 0.0588018859 0.994201187 -0.0900352033 0.661669325 -0.106349606 -0.742215242 2.14115223 -0.0980390274 3.55399067
00132.jpg 1159.58807 0 979.5 0 1164.66013 545 0 0 1 -0.786707137 -0.00759646728 -0.617279657 0.0623650643 0.993830621 -0.0917131195 0.61416812 -0.110648051 -0.781379888 1.56220478 -0.0726131209 3.75632074
00133.jpg 1159.58807 0 979.5 0 1164.66013 545 0 0 1 -0.823553052 0.0011777468 -0.567238031 0.0703921321 0.992480271 -0.100139204 0.562854616 -0.122399041 -0.81744306 0.936764864 -0.0223027744 3.88611201
00134.jpg 1159.58807 0 979.5 0 1164.66013 545 0 0 1 -0.857278442 0.00797788927 -0.514791246 0.075932501 0.990904883 -0.111093511 0.509222868 -0.134327458 -0.850087175 0.298397823 0.0406480533 4.04338555
00135.jpg 1159.58807 0 979.5 0 1164.66013 545 0 0 1 -0.884151143 0.0153057566 -0.466950202 0.079306713 0.989875232 -0.11771776 0.46042068 -0.141112577 -0.876413166 -0.305250341 0.0959285885 4.14574147
00136.jpg 1159.58807 0 979.5 0 1164.66013 545 0 0 1 -0.902453267 0.0200672544 -0.430320121 0.0799558883 0.989360492 -0.12154371 0.423302678 -0.144094145 -0.894456103 -0.861980595 0.110741208 4.16757736
00137.jpg 1159.58807 0 979.5 0 1164.66013 545 0 0 1 -0.878906551 0.0110393192 -0.476866237 0.0747914082 0.990555672 -0.114916079 0.471093961 -0.136665992 -0.871431516 -1.00232389 0.0852558017 4.23381133
00138.jpg 1159.58807 0 979.5 0 1164.66013 545 0 0 1 -0.843375586 0.000949356111 -0.537323663 0.0715550171 0.991290219 -0.110560303 0.532538731 -0.131692064 -0.836097901 -1.07439228 0.077794032 4.34296618
00139.jpg 1159.58807 0 979.5 0 1164.66013 545 0 0 1 -0.829152104 -0.000393716274 -0.559022928 0.0731893169 0.991315759 -0.109253789 0.554211253 -0.131502516 -0.821922731 -1.33952662 0.0867963598 4.43260389
00140.jpg 1159.58807 0 979.5 0 1164.66013 545 0 0 1 -0.843087577 0.00362578455 -0.537764066 0.0593058242 0.994504856 -0.0862723009 0.534496171 -0.104627646 -0.83866972 -1.83287576 0.0173093199 4.3879882
00141.jpg 1159.58807 0 979.5 0 1164.66013 545 0 0 1 -0.87030246 0.010046756 -0.492415162 0.0491317119 0.996575849 -0.0665030199 0.490060918 -0.0820709417 -0.867816027 -2.40318005 -0.0592344085 4.28665967
00142.jpg 1159.58807 0 979.5 0 1164.66013 545 0 0 1 -0.854524852 0.00210267324 -0.519406253 0.0440321784 0.996685349 -0.0684067373 0.517540766 -0.0813258459 -0.851784986 -2.61456138 -0.0446805051 4.37633262
00143.jpg 1159.58807 0 979.5 0 1164.66013 545 0 0 1 -0.825138993 -0.00683107735 -0.564888465 0.0375352087 0.997054396 -0.0668852745 0.563681426 -0.0763928545 -0.822452054 -2.73721255 -0.0796499557 4.50393014
00144.jpg 1159.58807 0 979.5 0 1164.66013 545 0 0 1 -0.736496094 -0.0260652365 -0.675939426 0.0294457944 0.997074777 -0.0705325073 0.675800598 -0.0718504894 -0.733574167 -2.40039811 -0.10976256 4.83925792
00145.jpg 1159.58807 0 979.5 0 1164.66013 545 0 0 1 -0.614812913 -0.0447886211 -0.787400191 0.0179310158 0.997334263 -0.0707308012 0.788469125 -0.0576050952 -0.612370878 -1.90857431 -0.188158193 5.18029776
00146.jpg 1159.58807 0 979.5 0 1164.66013 545 0 0 1 -0.451453715 -0.0622466106 -0.890120723 0.0060530119 0.997327199 -0.0728135979 0.892274007 -0.0382598806 -0.44987029 -1.19580325 -0.267590913 5.38487087
00147.jpg 1159.58807 0 979.5 0 1164.66013 545 0 0 1 -0.304822678 -0.0731066899 -0.949599151 0.00357134653 0.99695487 -0.077898867 0.952402426 -0.0271366889 -0.303633364 -0.692610377 -0.247674353 5.39750071
00148.jpg 1159.58807 0 979.5 0 1164.66013 545 0 0 1 -0.216980407 -0.0778479646 -0.973066903 0.00714646698 0.996661675 -0.0813291726 0.976149799 -0.0246008275 -0.215699718 -0.528079315 -0.224678222 5.34738296
00149.jpg 1159.58807 0 979.5 0 1164.66013 545 0 0 1 -0.0777921326 -0.0834129358 -0.993474039 0.0073070969 0.996419344 -0.0842323948 0.996942822 -0.0138120287 -0.0769040794 -0.0402695718 -0.221181973 5.31809686
00150.jpg 1159.58807 0 979.5 0 1164.66013 545 0 0 1 -0.0154641136 -0.0846862091 -0.996287663 0.00186510027 0.996402633 -0.0847249314 0.999878684 -0.00316837235 -0.0152505352 0.0677230525 -0.242374739 5.24545404
00151.jpg 1159.58807 0 979.5 0 1164.66013 545 0 0 1 0.156445218 -0.0854180349 -0.983986104 0.00298334184 0.996289655 -0.0860117583 0.987682132 0.0105205614 0.156119584 0.663367571 -0.171402088 5.1130676
00152.jpg 1159.58807 0 979.5 0 1164.66013 545 0 0 1 0.232763063 -0.0852048065 -0.968793836 0.0140646888 0.996345487 -0.0842487651 0.972431767 0.00598421679 0.233110806 0.779014623 -0.131311133 4.98076848
00153.jpg 1159.58807 0 979.5 0 1164.66013 545 0 0 1 0.264168802 -0.0830429791 -0.960894743 0.0281450178 0.996525814 -0.0783846902 0.964065715 -0.00633761002 0.265588276 0.598100795 -0.053832385 5.03520894
00154.jpg 1159.58807 0 979.5 0 1164.66013 545 0 0 1 0.300803145 -0.0806587608 -0.950269242 0.0322235598 0.996707704 -0.0744002405 0.953141705 -0.00824123138 0.302411925 0.51051651 -0.0131156411 5.2447952
00155.jpg 1159.58807 0 979.5 0 1164.66013 545 0 0 1 0.350211266 -0.0801419848 -0.933235946 0.0278573436 0.996783407 -0.0751452464 0.936256395 0.000319237482 0.351317322 0.633521589 -0.0115527848 5.53584125
00156.jpg 1159.58807 0 979.5 0 1164.66013 545 0 0 1 0.375384492 -0.0803605483 -0.923378939 0.0274035452 0.99676111 -0.0756064498 0.926463992 0.00307763225 0.376370827 0.671942393 0.0124316258 5.78443498
00157.jpg 1159.58807 0 979.5 0 1164.66013 545 0 0 1 0.526763546 -0.0765351451 -0.846559235 0.0194104636 0.996761521 -0.0780365512 0.84979021 0.0246747032 0.526543216 1.45565479 0.0182823822 5.89598282
00158.jpg 1159.58807 0 979.5 0 1164.66013 545 0 0 1 0.586180295 -0.0736428669 -0.806826741 0.0312067308 0.997173609 -0.0683442304 0.809579398 0.0148836162 0.586821673 1.68973187 0.13219155 6.09868781
00159.jpg 1159.58807 0 979.5 0 1164.66013 545 0 0 1 0.661355693 -0.0706343343 -0.746739204 0.0386871117 0.997443284 -0.0600849675 0.749074065 0.0108483523 0.662397433 2.17001418 0.173812042 6.27567116
00160.jpg 1159.58807 0 979.5 0 1164.66013 545 0 0 1 0.742350773 -0.0655045345 -0.666801684 0.0397493058 0.997762201 -0.0537641422 0.668831311 0.0134069485 0.743293301 2.71014541 0.19472731 6.29656257
00161.jpg 1159.58807 0 979.5 0 1164.66013 545 0 0 1 0.736325892 -0.0567097777 -0.674246381 0.0389419682 0.998381615 -0.0414448201 0.675505517 0.00426041302 0.737342624 2.34989613 0.259545441 6.48023282
00162.jpg 1159.58807 0 979.5 0 1164.66013 545 0 0 1 0.682796323 -0.0527825112 -0.728699655 0.0450374599 0.998530915 -0.0301270311 0.729219314 -0.0122481555 0.684170428 1.56004643 0.348781793 6.66002668
00163.jpg 1159.58807 0 979.5 0 1164.66013 545 0 0 1 0.662582595 -0.0512296778 -0.747234786 0.0483020218 0.998503981 -0.0256264278 0.747429743 -0.0191133259 0.664065856 1.05353556 0.36719325 6.71784948
00164.jpg 1159.58807 0 979.5 0 1164.66013 545 0 0 1 0.748537962 -0.0497215964 -0.661225137 0.0415305206 0.998742375 -0.0280870961 0.661790099 -0.00643676651 0.749661546 1.58859682 0.26627474 6.34500113
00165.jpg 1159.58807 0 979.5 0 1164.66013 545 0 0 1 0.819344907 -0.0432834911 -0.571664641 0.0293794663 0.999005762 -0.0335310941 0.572547613 0.0106783291 0.81980193 1.98778908 0.18646623 5.85476631
00166.jpg 1159.58807 0 979.5 0 1164.66013 545 0 0 1 0.797454864 -0.0405104128 -0.602017148 0.0269412549 0.999139146 -0.0315457865 0.602776832 0.00893724345 0.797859772 1.49655745 0.179402059 5.61281789
00167.jpg 1159.58807 0 979.5 0 1164.66013 545 0 0 1 0.805614376 -0.0402074408 -0.59107431 0.0291642992 0.999176245 -0.0282183488 0.591721997 0.00549483945 0.806123368 1.28656526 0.186682756 5.32948262
00168.jpg 1159.58807 0 979.5 0 1164.66013 545 0 0 1 0.851421904 -0.0390106348 -0.523028595 0.0273256347 0.999175055 -0.0300419698 0.523769081 0.0112863029 0.851785518 1.44383919 0.172470579 4.97788326
00169.jpg 1159.58807 0 979.5 0 1164.66013 545 0 0 1 0.896797341 -0.0348122027 -0.441069881 0.0210549194 0.999128222 -0.0360483886 0.44194029 0.0230414082 0.896748501 1.66081817 0.107411624 4.51322348
00170.jpg 1159.58807 0 979.5 0 1164.66013 545 0 0 1 0.981232467 -0.0233694796 -0.191407192 0.0128580362 0.998349325 -0.0559758572 0.192399368 0.0524642079 0.979913256 2.54765408 -0.0104432 3.71320674
00171.jpg 1159.58807 0 979.5 0 1164.66013 545 0 0 1 0.999333845 -0.00956433812 -0.0352191527 0.00603531787 0.995071375 -0.0989774428 0.0359922244 0.0986989498 0.994466227 2.829543 -0.21849474 3.13096785
00172.jpg 1159.58807 0 979.5 0 1164.66013 545 0 0 1 0.991942145 0.0110225937 0.126211268 0.0228635322 0.964276906 -0.263907765 -0.124611559 0.26466687 0.956254886 3.02128837 -0.683432203 2.53327541
00173.jpg 1159.58807 0 979.5 0 1164.66013 545 0 0 1 0.993205736 -0.00257593517 0.116343159 0.0356083892 0.958529117 -0.28276134 -0.110789931 0.284982977 0.952108342 2.66801685 -0.606262585 2.53091617
00174.jpg 1159.58807 0 979.5 0 1164.66013 545 0 0 1 0.994938106 -0.0174706625 0.0989592889 0.0331660087 0.986679539 -0.159259235 -0.0948587412 0.161735166 0.982264504 2.31071629 -0.190462507 2.6087587
00175.jpg 1159.58807 0 979.5 0 1164.66013 545 0 0 1 0.992447003 -0.0237572929 0.120351721 0.0143014819 0.996785395 0.0788311098 -0.121837652 -0.0765144908 0.989596443 2.08547592 0.4563142 2.44284018
00176.jpg 1159.58807 0 979.5 0 1164.66013 545 0 0 1 0.996721271 -0.0123386144 0.0799654036 -0.00247864519 0.983184239 0.182599586 -0.0808737503 -0.182199097 0.979930061 1.67796473 0.67468039 2.36120086
00177.jpg 1159.58807 0 979.5 0 1164.66013 545 0 0 1 0.999839587 0.00397254755 0.0174648029 -0.00729439718 0.980878383 0.194484935 -0.0163582469 -0.194581132 0.980750014 1.21838932 0.66914285 2.37304151
00178.jpg 1159.58807 0 979.5 0 1164.66013 545 0 0 1 0.999497183 0.0176847466 -0.0263178995 -0.0122706282 0.981075249 0.193237646 0.0292371986 -0.192817546 0.98079895 0.833180572 0.600275941 2.28423842
00179.jpg 1159.58807 0 979.5 0 1164.66013 545 0 0 1 0.999488259 0.028688437 0.0141490166 -0.0299822922 0.994351627 0.101813083 -0.0111482394 -0.102185201 0.994702921 0.647459035 0.325230507 2.19250812
00180.jpg 1159.58807 0 979.5 0 1164.66013 545 0 0 1 0.986791408 0.0464238731 0.155201615 -0.0344735831 0.996292351 -0.0788233681 -0.158285468 0.0724318666 0.984733129 0.670378679 -0.116990053 1.92919033
00181.jpg 1159.58807 0 979.5 0 1164.66013 545 0 0 1 0.964542915 0.0605571339 0.256884798 -0.000637139929 0.973852505 -0.227180309 -0.263925292 0.218961486 0.939361117 0.56941738 -0.414226753 1.76337429
00182.jpg 1159.58807 0 979.5 0 1164.66013 545 0 0 1 0.904819439 0.07254654 0.419569758 0.0670963242 0.948775056 -0.308745813 -0.420475761 0.307510802 0.853602508 0.607688229 -0.523429322 1.57737916
00183.jpg 1159.58807 0 979.5 0 1164.66013 545 0 0 1 0.7197634 0.0850243683 0.688993109 0.158447969 0.946155545 -0.282283413 -0.67589562 0.312346829 0.667536194 0.903640648 -0.438862835 1.31081443
00184.jpg 1159.58807 0 979.5 0 1164.66013 545 0 0 1 0.476205292 0.0688829517 0.876631997 0.10994864 0.984439039 -0.137080544 -0.872433273 0.161662977 0.461221493 1.15509509 -0.162474675 1.03969631
00185.jpg 1159.58807 0 979.5 0 1164.66013 545 0 0 1 0.302765999 0.0656388855 0.950801918 -0.101089959 0.994209518 -0.0364452381 -0.947688541 -0.0850821478 0.30764827 1.24060835 0.0913434584 0.938759842
00186.jpg 1159.58807 0 979.5 0 1164.66013 545 0 0 1 0.244879779 0.0865470888 0.965682916 -0.157598183 0.98631493 -0.048432127 -0.956659138 -0.140329824 0.255168246 1.13546423 0.17226056 0.98361358
00187.jpg 1159.58807 0 979.5 0 1164.66013 545 0 0 1 0.284293749 0.0998995152 0.953518301 -0.179324366 0.98254518 -0.0494746569 -0.941817305 -0.156923729 0.29724587 0.923734471 0.168803597 1.15848712
00188.jpg 1159.58807 0 979.5 0 1164.66013 545 0 0 1 0.228118894 0.113450982 0.96700085 -0.130784429 0.987757412 -0.0850336884 -0.964809413 -0.107070863 0.24016375 0.781872427 0.0690537953 1.2405963
00189.jpg 1159.58807 0 979.5 0 1164.66013 545 0 0 1 0.16321571 0.131421874 0.977797997 0.0499895287 0.988713406 -0.141233308 -0.985323134 0.0719311556 0.154803843 0.662711741 -0.206246932 1.36683358
00190.jpg 1159.58807 0 979.5 0 1164.66013 545 0 0 1 0.206364068 0.13640827 0.968920356 0.106247824 0.981255898 -0.16077395 -0.97268971 0.136123645 0.188002877 0.38692478 -0.285242591 1.57360129
00191.jpg 1159.58807 0 979.5 0 1164.66013 545 0 0 1 0.264767411 0.12549977 0.956110886 0.133591375 0.977160906 -0.165257099 -0.955013907 0.171482862 0.241954677 0.0445218271 -0.327804277 1.73946399
00192.jpg 1159.58807 0 979.5 0 1164.66013 545 0 0 1 0.325550268 0.112763464 0.938776557 0.131876108 0.977743424 -0.16317625 -0.936282925 0.176924271 0.303433827 -0.315556752 -0.332746407 1.95914381
00193.jpg 1159.58807 0 979.5 0 1164.66013 545 0 0 1 0.390429873 0.100678884 0.915111073 0.118858266 0.980171147 -0.158547262 -0.912927832 0.170670102 0.370721579 -0.710817551 -0.300751917 2.17743374
00194.jpg 1159.58807 0 979.5 0 1164.66013 545 0 0 1 0.453465719 0.0905583871 0.886661164 0.0660481706 0.988675029 -0.134756547 -0.888823087 0.119669823 0.442349017 -1.13001508 -0.178703129 2.35190964
00195.jpg 1159.58807 0 979.5 0 1164.66013 545 0 0 1 0.507665559 0.0830896358 0.857538216 0.00645455642 0.994943919 -0.100224436 -0.861530045 0.056415523 0.504562454 -1.54415078 -0.0461925396 2.38233605
00196.jpg 1159.58807 0 979.5 0 1164.66013 545 0 0 1 0.47368039 0.0828375143 0.876792355 -0.0809071599 0.995449679 -0.0503385343 -0.876972588 -0.0470944027 0.47822714 -1.62618556 0.235443875 2.59450374
00197.jpg 1159.58807 0 979.5 0 1164.66013 545 0 0 1 0.314435599 0.0822572909 0.945708196 -0.257285438 0.966334298 0.00149270079 -0.91374748 -0.243786306 0.325013506 -1.28494727 0.84131034 2.90308226
00198.jpg 1159.58807 0 979.5 0 1164.66013 545 0 0 1 0.271344875 0.108452991 0.956352397 -0.322377328 0.946478286 -0.0158654541 -0.906887434 -0.304001321 0.291784817 -1.32188786 1.05313122 2.97164879
00199.jpg 1159.58807 0 979.5 0 1164.66013 545 0 0 1 0.148778964 0.122871944 0.981207065 -0.296824862 0.952043829 -0.0742128578 -0.94327081 -0.28020534 0.178115543 -1.06089289 0.943035853 3.05885652
00200.jpg 1159.58807 0 979.5 0 1164.66013 545 0 0 1 -0.112838991 0.145081254 0.982964288 -0.0741369039 0.985295625 -0.153935866 -0.990843621 -0.0902438967 -0.100423889 -0.396723751 0.266829371 3.32939428
00201.jpg 1159.58807 0 979.5 0 1164.66013 545 0 0 1 -0.0693657215 0.154183356 0.985604327 0.00955889539 0.988041457 -0.153891865 -0.9975455 -0.00125353157 -0.0700100312 -0.706298031 0.00869776107 3.22571013
00202.jpg 1159.58807 0 979.5 0 1164.66013 545 0 0 1 -0.117471275 0.147952307 0.981993185 0.147902651 0.980417806 -0.130022046 -0.982000665 0.12996554 -0.137053468 -0.616293418 -0.473252978 3.11154754
00203.jpg 1159.58807 0 979.5 0 1164.66013 545 0 0 1 -0.218635745 0.132836846 0.966722702 0.164171178 0.981576802 -0.097748691 -0.961897206 0.137336647 -0.236415757 -0.33306223 -0.525667026 3.14006009
00204.jpg 1159.58807 0 979.5 0 1164.66013 545 0 0 1 -0.438240141 0.130055578 0.889399306 0.175381207 0.982831626 -0.0573012033 -0.881582107 0.130872236 -0.453525575 0.319047279 -0.564022499 3.13375181
00205.jpg 1159.58807 0 979.5 0 1164.66013 545 0 0 1 -0.568970334 0.104541403 0.815686125 0.169462289 0.985503387 -0.00809979616 -0.804708203 0.133619494 -0.578438017 0.733892542 -0.510430338 2.98635948
00206.jpg 1159.58807 0 979.5 0 1164.66013 545 0 0 1 -0.614137842 0.0843991716 0.784672856 0.154572924 0.987871659 0.0147240114 -0.773913382 0.13033175 -0.619735195 0.811257286 -0.287813898 2.92217235
00207.jpg 1159.58807 0 979.5 0 1164.66013 545 0 0 1 -0.568054212 0.0719492037 0.81984006 0.140221101 0.990066966 0.0102686577 -0.81095774 0.12079203 -0.572500506 0.559463303 -0.206824975 2.96080243
00208.jpg 1159.58807 0 979.5 0 1164.66013 545 0 0 1 -0.561684834 0.0757348015 0.823877653 0.139151535 0.990263663 0.00383780875 -0.815565446 0.116799479 -0.566754695 0.48949632 -0.0606116078 3.01537328
00209.jpg 1159.58807 0 979.5 0 1164.66013 545 0 0 1 -0.567864885 0.074066361 0.819782683 0.133181017 0.991088021 0.00271113309 -0.812275993 0.110719049 -0.572668319 0.428600792 0.0528066656 3.09049943
00210.jpg 1159.58807 0 979.5 0 1164.66013 545 0 0 1 -0.555592184 0.0808223239 0.827517418 0.127459852 0.991779479 -0.0112894602 -0.821627234 0.0992029114 -0.561326528 0.24697439 0.175014438 3.13521409
00211.jpg 1159.58807 0 979.5 0 1164.66013 545 0 0 1 -0.622485648 0.081654881 0.778359878 0.100201582 0.994672515 -0.0242122183 -0.776190223 0.0629211326 -0.627351313 0.42435126 0.35903343 3.15636868
00212.jpg 1159.58807 0 979.5 0 1164.66013 545 0 0 1 -0.638443956 0.078520965 0.765652515 0.0665853734 0.996687637 -0.0466919983 -0.766782697 0.0211710345 -0.641557545 0.387434961 0.573670518 3.11202308
00213.jpg 1159.58807 0 979.5 0 1164.66013 545 0 0 1 -0.756218199 0.0787596451 0.649562124 0.046753141 0.996695813 -0.0664198708 -0.652647055 -0.0198588455 -0.757401774 0.769730358 0.652692308 3.03866138
00214.jpg 1159.58807 0 979.5 0 1164.66013 545 0 0 1 -0.732979246 0.0873199341 0.674623342 0.0451261931 0.995784138 -0.0798597365 -0.67875257 -0.0280923462 -0.733829523 0.555802424 0.714059864 3.09834044
00215.jpg 1159.58807 0 979.5 0 1164.66013 545 0 0 1 -0.703539745 0.0975279002 0.703931912 0.0483549032 0.994812263 -0.0895006376 -0.709008907 -0.0289286963 -0.704605918 0.389544838 0.635205564 3.15610396
00216.jpg 1159.58807 0 979.5 0 1164.66013 545 0 0 1 -0.704863006 0.104933412 0.701539109 0.0546671532 0.994092253 -0.0937661738 -0.707233798 -0.0277411612 -0.706435265 0.335320148 0.522522947 3.13572
00217.jpg 1159.58807 0 979.5 0 1164.66013 545 0 0 1 -0.772813365 0.105646356 0.625778196 0.0597903613 0.993781312 -0.0939351736 -0.631810586 -0.0351788531 -0.774324113 0.585118695 0.418900177 3.15975953
00218.jpg 1159.58807 0 979.5 0 1164.66013 545 0 0 1 -0.785086742 0.105811005 0.61028095 0.0582471534 0.993546179 -0.0973306669 -0.616640962 -0.0408658881 -0.786183123 0.610264289 0.371811914 3.17159753
00219.jpg 1159.58807 0 979.5 0 1164.66013 545 0 0 1 -0.746392809 0.113287275 0.655792473 0.0570352522 0.992668326 -0.10656723 -0.663057128 -0.042137725 -0.747381869 0.350439214 0.342434877 3.20940269
00220.jpg 1159.58807 0 979.5 0 1164.66013 545 0 0 1 -0.701832697 0.120222391 0.702123524 0.0600062115 0.992129883 -0.109897907 -0.709809918 -0.034998172 -0.703523282 0.0112196534 0.295114355 3.18289952
00221.jpg 1159.58807 0 979.5 0 1164.66013 545 0 0 1 -0.646786234 0.127643796 0.751913977 0.0656016995 0.99155231 -0.111894747 -0.759844711 -0.0230451474 -0.649696034 -0.295010307 0.187261429 3.18681061
00222.jpg 1159.58807 0 979.5 0 1164.66013 545 0 0 1 -0.59148741 0.13293597 0.795280247 0.0715562535 0.991078109 -0.112445024 -0.803132832 -0.00960254129 -0.595722624 -0.569266607 0.0483017988 3.20923665
00223.jpg 1159.58807 0 979.5 0 1164.66013 545 0 0 1 -0.586491282 0.134969357 0.798630859 0.0751751745 0.990832835 -0.112245207 -0.806459342 -0.0057936212 -0.591261164 -0.662500826 -0.0040482633 3.2075251
00224.jpg 1159.58807 0 979.5 0 1164.66013 545 0 0 1 -0.805817123 0.120305987 0.579814828 0.0725190994 0.991823724 -0.105008007 -0.587707193 -0.042569601 -0.807953021 0.109196746 -0.11209235 3.3478771
00225.jpg 1159.58807 0 979.5 0 1164.66013 545 0 0 1 -0.953476291 0.087178162 0.288587822 0.066011119 0.994418821 -0.0823027391 -0.294152163 -0.0594237054 -0.953909497 1.00940324 -0.260580226 3.23910812
00226.jpg 1159.58807 0 979.5 0 1164.66013 545 0 0 1 -0.991298317 0.0678567089 0.112796783 0.0728247884 0.996521323 0.0405191773 -0.109654902 0.0483809942 -0.99279156 1.47578116 -0.69966188 3.09270383
00227.jpg 1159.58807 0 979.5 0 1164.66013 545 0 0 1 -0.998081134 0.0609854892 0.0107153708 0.0619187557 0.983962632 0.167283013 -0.0003416881 0.167625501 -0.985850686 1.67120222 -0.977636308 2.88886324
00228.jpg 1159.58807 0 979.5 0 1164.66013 545 0 0 1 -0.998706139 0.0411296075 0.0299065745 0.0434544265 0.995703926 0.0817643241 -0.0264151591 0.0829581054 -0.996202887 1.44229559 -0.627238839 2.99158131
00229.jpg 1159.58807 0 979.5 0 1164.66013 545 0 0 1 -0.995410669 0.0406367128 0.0866386615 0.0266079436 0.98718865 -0.157323191 -0.0919218006 -0.154295907 -0.983739374 1.05578973 0.0758553758 3.09990395
00230.jpg 1159.58807 0 979.5 0 1164.66013 545 0 0 1 -0.987771324 0.0554460511 0.145717354 0.00292011334 0.941042417 -0.338275986 -0.155882279 -0.333713808 -0.929696622 0.672689743 0.66684217 2.96759921
00231.jpg 1159.58807 0 979.5 0 1164.66013 545 0 0 1 -0.975433874 0.0842884937 0.203529378 -0.00317170369 0.918436132 -0.395556584 -0.220269603 -0.386484826 -0.895606376 0.204296636 0.812377084 2.81715725
00232.jpg 1159.58807 0 979.5 0 1164.66013 545 0 0 1 -0.982608322 0.0934965929 0.160434637 0.0314970448 0.935391016 -0.352209572 -0.182999513 -0.34103084 -0.922067863 0.0598452581 0.663262611 2.75495927
00233.jpg 1159.58807 0 979.5 0 1164.66013 545 0 0 1 -0.994529827 0.078640926 -0.0687461119 0.0904590188 0.977526175 -0.190419914 0.0522263254 -0.19559699 -0.979292718 0.446036764 0.16683367 2.66789363
00234.jpg 1159.58807 0 979.5 0 1164.66013 545 0 0 1 -0.992789946 0.10052094 -0.0652967435 0.109923722 0.980725962 -0.161534399 0.047800622 -0.167547388 -0.984704511 0.16104896 0.11392623 2.52659308
00235.jpg 1159.58807 0 979.5 0 1164.66013 545 0 0 1 -0.993703779 0.11086304 -0.0161921608 0.112033599 0.981766599 -0.153566984 -0.00112797999 -0.154414158 -0.988005564 -0.205561517 0.108995366 2.34328535
00236.jpg 1159.58807 0 979.5 0 1164.66013 545 0 0 1 -0.992142998 0.114502513 0.0504127647 0.1058993 0.98316269 -0.148917639 -0.0666153933 -0.142408916 -0.987563714 -0.626036101 0.0953299841 2.14787971
00237.jpg 1159.58807 0 979.5 0 1164.66013 545 0 0 1 -0.987456916 0.114653907 0.108551005 0.098551708 0.984718714 -0.143584871 -0.123354773 -0.131085987 -0.983666643 -1.00014155 0.0916152293 1.93137008
00238.jpg 1159.58807 0 979.5 0 1164.66013 545 0 0 1 -0.979214967 0.11396444 0.167780078 0.0910455278 0.986170514 -0.138486209 -0.181242269 -0.120332143 -0.97604888 -1.3724184 0.101100507 1.67024674
00239.jpg 1159.58807 0 979.5 0 1164.66013 545 0 0 1 -0.967320926 0.112526962 0.227217756 0.0826518707 0.98711825 -0.136989883 -0.239705849 -0.113733208 -0.964160704 -1.71396395 0.0907133852 1.37607044
00240.jpg 1159.58807 0 979.5 0 1164.66013 545 0 0 1 -0.968306926 0.104511783 0.226845728 0.0740237544 0.987522821 -0.13899339 -0.238541781 -0.11779629 -0.963961541 -1.92267719 0.0878998989 1.12006977
00241.jpg 1159.58807 0 979.5 0 1164.66013 545 0 0 1 -0.989847117 0.0833949711 0.115099801 0.0675533697 0.98850413 -0.13526318 -0.125056898 -0.126114489 -0.984101574 -1.98577571 0.0759195911 1.17323823
00242.jpg 1159.58807 0 979.5 0 1164.66013 545 0 0 1 -0.991252906 0.0493971523 -0.122382999 0.0654139115 0.989284894 -0.130523631 0.114624156 -0.137387479 -0.983862787 -1.79610728 0.00744057688 1.578983
00243.jpg 1159.58807 0 979.5 0 1164.66013 545 0 0 1 -0.875971155 -0.000245969153 -0.482363426 0.0294839892 0.998102747 -0.0540518314 0.481461556 -0.0615698432 -0.874301964 -0.993677313 -0.241212336 2.11522864
00244.jpg 1159.58807 0 979.5 0 1164.66013 545 0 0 1 -0.538042822 -0.0400275641 -0.841966576 -0.0453863171 0.998798561 -0.0184801769 0.841694721 0.0282706355 -0.5392131 0.21798623 -0.446236448 2.3261339
00245.jpg 1159.58807 0 979.5 0 1164.66013 545 0 0 1 -0.280672 -0.0683439278 -0.957367398 -0.0970538898 0.994369933 -0.0425320912 0.954884166 0.0809786629 -0.285724842 0.813333871 -0.498961704 2.16214637
00246.jpg 1159.58807 0 979.5 0 1164.66013 545 0 0 1 -0.271249784 -0.0798888205 -0.95918785 0.0158004573 0.996045626 -0.087426859 0.962379291 -0.0388701232 -0.268914881 0.677809367 -0.169936874 2.25611371
00247.jpg 1159.58807 0 979.5 0 1164.66013 545 0 0 1 -0.215634835 -0.0892264882 -0.972388941 0.15921047 0.979278202 -0.125164811 0.96340731 -0.181804394 -0.196960702 0.619715969 0.172020552 2.30975721
00248.jpg 1159.58807 0 979.5 0 1164.66013 545 0 0 1 -0.102658258 -0.0871404488 -0.990892438 0.173501061 0.979316647 -0.104097483 0.979468562 -0.182607355 -0.0854159808 0.685266451 0.1616454 2.24102924
00249.jpg 1159.58807 0 979.5 0 1164.66013 545 0 0 1 -0.0464359891 -0.0707974986 -0.99640926 0.176047187 0.981292336 -0.0779277865 0.983285862 -0.179033701 -0.0331035797 0.578966254 0.138206359 2.28552209
00250.jpg 1159.58807 0 979.5 0 1164.66013 545 0 0 1 0.0160246902 -0.0590826266 -0.998124467 0.174311051 0.983131159 -0.0553965887 0.98456024 -0.173096412 0.026053127 0.476019143 0.142515994 2.3506502
00251.jpg 1159.58807 0 979.5 0 1164.66013 545 0 0 1 0.128409482 -0.0585377835 -0.989992087 0.156914398 0.986880848 -0.0380008299 0.979228715 -0.150464345 0.135910279 0.604264678 0.125385404 2.34932288
00252.jpg 1159.58807 0 979.5 0 1164.66013 545 0 0 1 0.185556093 -0.0498905663 -0.981366327 0.147911054 0.988749248 -0.0222989744 0.971437726 -0.141017217 0.190847814 0.681438485 0.136591139 2.51443011
00253.jpg 1159.58807 0 979.5 0 1164.66013 545 0 0 1 0.110514918 -0.0388130996 -0.993116305 0.134404849 0.990641617 -0.0237596853 0.98474453 -0.130853848 0.114697346 0.424037496 0.134844272 2.72666324
00254.jpg 1159.58807 0 979.5 0 1164.66013 545 0 0 1 0.0519114445 -0.0365404922 -0.997982963 0.131052453 0.99093745 -0.0294656533 0.990015382 -0.129258511 0.0562297156 0.232761274 0.152778387 2.917953
00255.jpg 1159.58807 0 979.5 0 1164.66013 545 0 0 1 0.0219401559 -0.0390594578 -0.99899599 0.125460831 0.991444877 -0.0360088224 0.991855942 -0.124544828 0.0266528872 0.167053045 0.166470983 3.04704407
00256.jpg 1159.58807 0 979.5 0 1164.66013 545 0 0 1 0.0167809119 -0.0400086154 -0.999058413 0.099905711 0.994265707 -0.0381385961 0.994855391 -0.0991716406 0.0206817744 0.118158327 0.135003716 3.20780957
00257.jpg 1159.58807 0 979.5 0 1164.66013 545 0 0 1 0.104057541 -0.0488693082 -0.993369931 0.0619498124 0.997171137 -0.0425669403 0.99264004 -0.0571096698 0.106790621 0.313463597 0.166676674 3.23755805
00258.jpg 1159.58807 0 979.5 0 1164.66013 545 0 0 1 0.252366597 -0.0567163075 -0.965968095 0.0463950147 0.997841845 -0.0464667034 0.966518806 -0.0330894602 0.254453305 0.633124429 0.188573034 3.09363266
00259.jpg 1159.58807 0 979.5 0 1164.66013 545 0 0 1 0.27321916 -0.0620147142 -0.959950762 0.0496137253 0.997500087 -0.050319521 0.96067152 -0.0338784761 0.275612917 0.587051999 0.159693643 3.10775051
00260.jpg 1159.58807 0 979.5 0 1164.66013 545 0 0 1 0.229518726 -0.0647894598 -0.971145448 0.0513831273 0.997197166 -0.0543836929 0.971946978 -0.0374184143 0.232204508 0.354071234 0.0765036654 3.26827105
00261.jpg 1159.58807 0 979.5 0 1164.66013 545 0 0 1 0.140741782 -0.0618968883 -0.988109572 0.0510376923 0.997170335 -0.0551948961 0.988729945 -0.0426626042 0.143502604 -0.0319441294 -0.0160183945 3.46813516
00262.jpg 1159.58807 0 979.5 0 1164.66013 545 0 0 1 0.0610446076 -0.0616463577 -0.996229533 0.0264900245 0.997839431 -0.0601227843 0.997783461 -0.0227199729 0.0625457301 -0.370189423 -0.108342458 3.68524307
00263.jpg 1159.58807 0 979.5 0 1164.66013 545 0 0 1 -0.000526967774 -0.0625212808 -0.998043492 -0.0489450956 0.996849058 -0.0624206138 0.998801332 0.0488164405 -0.00358541739 -0.673265772 -0.440676935 3.86600961
00264.jpg 1159.58807 0 979.5 0 1164.66013 545 0 0 1 -0.0710753252 -0.0679758465 -0.99515204 -0.163666944 0.984948191 -0.0555895015 0.983951945 0.158922451 -0.081130912 -0.882946154 -0.901156851 3.77081493
00265.jpg 1159.58807 0 979.5 0 1164.66013 545 0 0 1 -0.321241679 -0.0765886639 -0.9438951 -0.172104049 0.984847638 -0.0213383575 0.931227137 0.155593399 -0.329555328 -1.70824413 -0.88779391 3.30722477
00266.jpg 1159.58807 0 979.5 0 1164.66013 545 0 0 1 -0.461311909 -0.0622326935 -0.885052775 -0.000911625522 0.997569734 -0.0696691875 0.887237562 -0.0313323892 -0.460247531 -2.16193282 -0.183274892 3.07738902
00267.jpg 1159.58807 0 979.5 0 1164.66013 545 0 0 1 -0.545877057 -0.0426238597 -0.836780404 0.0849488527 0.990743384 -0.10588314 0.833547798 -0.128882712 -0.537203235 -2.56302293 0.190233804 2.86869665
00268.jpg 1159.58807 0 979.5 0 1164.66013 545 0 0 1 -0.522969775 -0.0513658907 -0.850802068 0.22584604 0.954153806 -0.196428311 0.821885747 -0.294876348 -0.487392818 -2.48497069 0.730344805 2.85176957
00269.jpg 1159.58807 0 979.5 0 1164.66013 545 0 0 1 -0.263222848 -0.0797014055 -0.961437163 0.322774926 0.931872492 -0.165620062 0.909136997 -0.353922794 -0.219564516 -1.72579883 1.14683072 3.40755583
00270.jpg 1159.58807 0 979.5 0 1164.66013 545 0 0 1 -0.0237426399 -0.0690415939 -0.997331211 0.334692915 0.939494992 -0.0730055615 0.942028099 -0.335533036 0.000801641017 -0.989551479 1.26275389 3.83946333
00271.jpg 1159.58807 0 979.5 0 1164.66013 545 0 0 1 0.0732528165 -0.0446813201 -0.996312002 0.280743918 0.959521517 -0.0223899795 0.956983217 -0.278068406 0.0828316625 -0.695643415 1.08772593 4.10777879
00272.jpg 1159.58807 0 979.5 0 1164.66013 545 0 0 1 0.260538024 -0.0434432526 -0.964485677 0.229047102 0.973248256 0.0180349071 0.937900508 -0.225611428 0.263518729 -0.0760661698 0.946152609 4.37449925
00273.jpg 1159.58807 0 979.5 0 1164.66013 545 0 0 1 0.406844866 -0.0311517442 -0.912965949 0.101662029 0.994754118 0.0113611563 0.907822718 -0.0974361989 0.407877556 0.460939424 0.365655029 4.5658667
00274.jpg 1159.58807 0 979.5 0 1164.66013 545 0 0 1 0.553486678 -0.0236382448 -0.832522511 -0.0242611124 0.998715346 -0.0444865813 0.832504592 0.0448206524 0.552202149 1.01903474 -0.257047512 4.61474547
00275.jpg 1159.58807 0 979.5 0 1164.66013 545 0 0 1 0.635064114 -0.0282924289 -0.771941131 -0.118115603 0.984020599 -0.133237251 0.76337558 0.175792489 0.621574392 1.29160844 -0.837441616 4.58735862
00276.jpg 1159.58807 0 979.5 0 1164.66013 545 0 0 1 0.681666383 -0.0441195413 -0.730331711 -0.129254494 0.975219611 -0.179554965 0.72015569 0.216795239 0.659071776 1.32758443 -0.947811313 4.61673692
00277.jpg 1159.58807 0 979.5 0 1164.66013 545 0 0 1 0.694860962 -0.0663479021 -0.716076951 -0.109184735 0.974458492 -0.196237969 0.710807243 0.214542776 0.669868987 1.20146928 -0.824941228 4.54809216
00278.jpg 1159.58807 0 979.5 0 1164.66013 545 0 0 1 0.759082233 -0.0784289194 -0.6462531 0.0125942075 0.994299727 -0.10587464 0.650872914 0.0722285122 0.755743007 1.41194984 0.017054398 4.43531962
00279.jpg 1159.58807 0 979.5 0 1164.66013 545 0 0 1 0.863327606 -0.0945904182 -0.495699604 0.128491624 0.991104702 0.0346608259 0.488011626 -0.0936168949 0.867802126 1.9730097 0.83332412 3.95131372
00280.jpg 1159.58807 0 979.5 0 1164.66013 545 0 0 1 0.900621273 -0.0744920966 -0.428173155 0.137570521 0.983404745 0.118277047 0.412256807 -0.165426829 0.895923149 2.07485492 1.08429577 3.61632967
00281.jpg 1159.58807 0 979.5 0 1164.66013 545 0 0 1 0.880209734 -0.0482141982 -0.472129447 0.137468326 0.978079641 0.156405481 0.454239236 -0.202572472 0.867543146 1.69869944 1.12555016 3.5780194
00282.jpg 1159.58807 0 979.5 0 1164.66013 545 0 0 1 0.844340623 -0.0337377959 -0.534743559 0.141771217 0.976513442 0.162241854 0.516710591 -0.212798633 0.829293016 1.27245476 1.06293582 3.68793153
00283.jpg 1159.58807 0 979.5 0 1164.66013 545 0 0 1 0.884124453 -0.0368755932 -0.465794098 0.127600573 0.978043439 0.164769917 0.449490873 -0.205112707 0.869417467 1.36393972 0.978833969 3.77010806
00284.jpg 1159.58807 0 979.5 0 1164.66013 545 0 0 1 0.954351206 -0.0196769129 -0.298037907 0.0578324953 0.991118094 0.1197511 0.29303443 -0.131520883 0.947012714 1.79271554 0.631166013 3.67671101
00285.jpg 1159.58807 0 979.5 0 1164.66013 545 0 0 1 0.988016113 0.0114879293 -0.153922668 -0.00971044025 0.999877265 0.0122947969 0.154045018 -0.0106528006 0.988006402 2.13013037 0.104548471 3.58974084
00286.jpg 1159.58807 0 979.5 0 1164.66013 545 0 0 1 0.993148176 0.0258221175 -0.113973327 -0.0309065618 0.998593832 -0.0430713781 0.112700867 0.0462987843 0.992549715 2.09550866 -0.130799335 3.71687133
00287.jpg 1159.58807 0 979.5 0 1164.66013 545 0 0 1 0.998850655 0.0235557717 -0.0417431869 -0.0259020166 0.998061602 -0.0565873191 0.040329314 0.0576035135 0.997524627 2.23906028 -0.193217121 3.71601958
00288.jpg 1159.58807 0 979.5 0 1164.66013 545 0 0 1 0.999545521 0.016742461 0.0250687193 -0.0149413684 0.997407928 -0.0703859425 -0.0261821732 0.0699793926 0.997204783 2.43106241 -0.197548389 3.62666304
00289.jpg 1159.58807 0 979.5 0 1164.66013 545 0 0 1 0.997028233 0.010864571 0.076267059 -0.00647056728 0.998317283 -0.0576258055 -0.0767648028 0.0569610638 0.995420817 2.58706914 -0.0931581239 3.52055162
00290.jpg 1159.58807 0 979.5 0 1164.66013 545 0 0 1 0.999999808 0.000604567799 0.000137083994 -0.000604715781 0.999999232 0.0010820379 -0.000136429724 -0.00108212059 0.999999405 2.2983006 0.142855043 3.71644917
00291.jpg 1159.58807 0 979.5 0 1164.66013 545 0 0 1 0.989307847 -0.0096508803 -0.145522663 0.0127143679 0.999716398 0.0201362496 0.145287059 -0.0217711784 0.989149982 1.7306808 0.242387 4.01859773
00292.jpg 1159.58807 0 979.5 0 1164.66013 545 0 0 1 0.978214003 -0.0162063569 -0.206965499 0.0311448383 0.997121685 0.0691255648 0.205249513 -0.0740655025 0.97590314 1.46875595 0.468020817 4.11243793
00293.jpg 1159.58807 0 979.5 0 1164.66013 545 0 0 1 0.975680222 -0.0186169048 -0.218406765 0.0362449395 0.996373216 0.0769851855 0.216181425 -0.0830290629 0.972816409 1.51742903 0.507885969 4.14825502
00294.jpg 1159.58807 0 979.5 0 1164.66013 545 0 0 1 0.952000362 -0.0204842 -0.305410721 0.0410110186 0.997298173 0.0609462866 0.303337118 -0.0705460917 0.9502683 1.43249377 0.466886417 4.43532691
00295.jpg 1159.58807 0 979.5 0 1164.66013 545 0 0 1 0.930721996 -0.0240769895 -0.364934054 0.0268370267 0.999636715 0.0024924186 0.364741469 -0.0121134938 0.931030034 1.38383583 0.211989919 4.70262462
00296.jpg 1159.58807 0 979.5 0 1164.66013 545 0 0 1 0.929502044 -0.0238391062 -0.368045713 0.00225709069 0.998257854 -0.058958993 0.368810053 0.053971792 0.927936523 1.42983824 -0.0728088947 4.89608659
00297.jpg 1159.58807 0 979.5 0 1164.66013 545 0 0 1 0.971747571 -0.0227159854 -0.234926887 0.0197764841 0.999693972 -0.0148611485 0.235192578 0.00979525712 0.971899431 2.14009708 0.186164418 4.72634198
00298.jpg 1159.58807 0 979.5 0 1164.66013 545 0 0 1 0.98509782 -0.0279786847 -0.169704087 0.0478614165 0.992301027 0.114227652 0.165201601 -0.120647689 0.978852678 2.45943749 0.788085702 4.57194389
00299.jpg 1159.58807 0 979.5 0 1164.66013 545 0 0 1 0.98756025 -0.0177475813 -0.156236284 0.0368688209 0.992046092 0.12035465 0.152857591 -0.124617716 0.980359619 2.53346241 0.758627321 4.52239219
00300.jpg 1159.58807 0 979.5 0 1164.66013 545 0 0 1 0.993149829 -0.00792739498 -0.116578612 0.0210643221 0.993497123 0.11189174 0.114933506 -0.113580912 0.986858483 2.72110676 0.660863713 4.42540554
00301.jpg 1159.58807 0 979.5 0 1164.66013 545 0 0 1 0.987094666 -0.000481623212 -0.160137093 0.011754269 0.997515909 0.0694539239 0.159705847 -0.0704398923 0.984648295 2.52041501 0.445063053 4.56443097
