251
000001.jpg 1163.25473 0 978.5 0 1156.2804 545.5 0 0 1 0.786188026 -0.0287844462 0.617316647 -0.0164420441 0.997586783 0.0674556915 -0.617768603 -0.0631828045 0.783817508 -1.233242 -0.470907589 3.94507725
000002.jpg 1163.25473 0 978.5 0 1156.2804 545.5 0 0 1 0.788986393 -0.0318493293 0.613584625 -0.010823069 0.997780146 0.0657087562 -0.614315337 -0.0584841833 0.786890251 -1.17523508 -0.513388443 4.06647713
000003.jpg 1163.25473 0 978.5 0 1156.2804 545.5 0 0 1 0.740817978 -0.0395491245 0.670540521 -0.00698420202 0.997757653 0.066564902 -0.67166952 -0.0539956665 0.738880588 -0.870294051 -0.534764734 4.32343544
000004.jpg 1163.25473 0 978.5 0 1156.2804 545.5 0 0 1 0.687400229 -0.0538108346 0.724282624 0.00113154183 0.997329612 0.0730230367 -0.726277939 -0.0493764961 0.685625493 -0.555500047 -0.560541891 4.41923545
000005.jpg 1163.25473 0 978.5 0 1156.2804 545.5 0 0 1 0.723218253 -0.0510524405 0.688729996 0.00138208288 0.997368969 0.0724791612 -0.690618164 -0.0514663704 0.721386002 -0.732034032 -0.552394074 4.34632782
000006.jpg 1163.25473 0 978.5 0 1156.2804 545.5 0 0 1 0.788873259 -0.0419984765 0.613119164 -0.00256410919 0.997428503 0.0716226751 -0.614550572 -0.0580733176 0.786736985 -1.02999343 -0.527785849 4.18710499
000007.jpg 1163.25473 0 978.5 0 1156.2804 545.5 0 0 1 0.823939176 -0.0320479443 0.5657713 -0.0100178414 0.997419767 0.0710876376 -0.56658969 -0.0642396967 0.821492169 -1.14690154 -0.474798963 3.95579607
000008.jpg 1163.25473 0 978.5 0 1156.2804 545.5 0 0 1 0.83253758 -0.0326192147 0.553007383 -0.012639921 0.996886473 0.0778305398 -0.55382435 -0.0717868189 0.829533147 -1.01033507 -0.434791954 3.7903218
000009.jpg 1163.25473 0 978.5 0 1156.2804 545.5 0 0 1 0.869745358 -0.0275874389 0.492729079 -0.0149588102 0.99650375 0.0821979943 -0.493274007 -0.0788619648 0.866291835 -1.04253768 -0.417454577 3.53287676
000010.jpg 1163.25473 0 978.5 0 1156.2804 545.5 0 0 1 0.85440533 -0.0357433245 0.518376261 -0.0125199863 0.995925419 0.0893073854 -0.519456237 -0.0827947698 0.85047648 -0.770506517 -0.391340166 3.32826832
000011.jpg 1163.25473 0 978.5 0 1156.2804 545.5 0 0 1 0.827348729 -0.0503739532 0.559425192 -0.0064316212 0.995055442 0.0991125724 -0.561651774 -0.0855986718 0.822933869 -0.357343787 -0.354978888 3.11422295
000012.jpg 1163.25473 0 978.5 0 1156.2804 545.5 0 0 1 0.747945344 -0.0758655718 0.659410477 -0.00119843376 0.993290697 0.115638032 -0.663759238 -0.0872811873 0.742836233 0.238892035 -0.30264779 2.92929103
000013.jpg 1163.25473 0 978.5 0 1156.2804 545.5 0 0 1 0.75577964 -0.0876384825 0.648934998 0.00390468591 0.991589192 0.129366254 -0.654814393 -0.0952384936 0.749765123 0.517046536 -0.283608789 2.81420989
000014.jpg 1163.25473 0 978.5 0 1156.2804 545.5 0 0 1 0.806353906 -0.0863783195 0.585091586 0.00899110163 0.990953342 0.133905317 -0.591364979 -0.102714458 0.799835734 0.51255194 -0.25250733 2.75943538
000015.jpg 1163.25473 0 978.5 0 1156.2804 545.5 0 0 1 0.887893411 -0.0713044203 0.454489792 0.00947902981 0.990541356 0.136886703 -0.459951562 -0.117232679 0.88017104 0.289450474 -0.249654234 2.88480674
000016.jpg 1163.25473 0 978.5 0 1156.2804 545.5 0 0 1 0.95360348 -0.0492807827 0.297004726 0.0100184952 0.991160101 0.132292419 -0.300898708 -0.123178971 0.945667441 -0.0455800157 -0.25900326 2.87792453
000017.jpg 1163.25473 0 978.5 0 1156.2804 545.5 0 0 1 0.995376339 -0.018212188 0.0943093803 0.00621798663 0.992018025 0.125942742 -0.0958502981 -0.124774011 0.987544514 -0.578269111 -0.273000864 2.82453409
000018.jpg 1163.25473 0 978.5 0 1156.2804 545.5 0 0 1 0.996702716 0.0100485848 -0.0805153528 -0.000527675993 0.99308362 0.117408029 0.0811382626 -0.116978415 0.989814444 -1.12931432 -0.344691433 2.72442747
000019.jpg 1163.25473 0 978.5 0 1156.2804 545.5 0 0 1 0.982800782 0.0282302289 -0.182498429 -0.00927388612 0.994544371 0.103901348 0.184435944 -0.100421856 0.977700789 -1.53607313 -0.388439025 2.67146882
000020.jpg 1163.25473 0 978.5 0 1156.2804 545.5 0 0 1 0.979327947 0.0363333942 -0.198989086 -0.0308095199 0.999051015 0.0307870675 0.199918847 -0.0240198774 0.979517994 -1.63953478 -0.545106757 2.60735254
000021.jpg 1163.25473 0 978.5 0 1156.2804 545.5 0 0 1 0.972219323 0.0513100283 -0.228378786 -0.0673946948 0.995723182 -0.0631925591 0.224159639 0.0768285455 0.971519341 -1.63537717 -0.667533744 2.44937281
000022.jpg 1163.25473 0 978.5 0 1156.2804 545.5 0 0 1 0.921741393 0.0880625233 -0.377674192 -0.123879857 0.989713149 -0.0715657979 0.367486849 0.112751383 0.92316875 -1.88297762 -0.550816255 2.04988376
000023.jpg 1163.25473 0 978.5 0 1156.2804 545.5 0 0 1 0.850910172 0.140590769 -0.506148313 -0.18896654 0.98094233 -0.0452083178 0.490146433 0.134113313 0.861260758 -1.89297683 -0.396905591 1.76737095
000024.jpg 1163.25473 0 978.5 0 1156.2804 545.5 0 0 1 0.801352212 0.190565139 -0.567026948 -0.239108468 0.970923393 -0.0116148769 0.548326337 0.144888552 0.823617348 -1.67838104 -0.286574995 1.5843486
000025.jpg 1163.25473 0 978.5 0 1156.2804 545.5 0 0 1 0.760157665 0.225195562 -0.609464752 -0.26949449 0.962801953 0.0196244724 0.591213197 0.149329699 0.792570247 -1.48312757 -0.24158181 1.53183883
000026.jpg 1163.25473 0 978.5 0 1156.2804 545.5 0 0 1 0.668074875 0.246187792 -0.702187676 -0.299296133 0.952884434 0.049326255 0.681247228 0.177208424 0.710281204 -1.37298174 -0.215297891 1.36651708
000027.jpg 1163.25473 0 978.5 0 1156.2804 545.5 0 0 1 0.574039741 0.258557345 -0.776934022 -0.310765178 0.946640194 0.0854245162 0.757564109 0.192406973 0.623759711 -1.18565734 -0.201660482 1.35973779
000028.jpg 1163.25473 0 978.5 0 1156.2804 545.5 0 0 1 0.535331519 0.269582261 -0.800465845 -0.31416029 0.943256192 0.107568901 0.784043032 0.193889559 0.589646812 -0.895290706 -0.228342866 1.40704317
000029.jpg 1163.25473 0 978.5 0 1156.2804 545.5 0 0 1 0.491751788 0.267413873 -0.828655537 -0.305481495 0.944167167 0.123407523 0.815390235 0.192453062 0.545985882 -0.656317704 -0.257648049 1.53602442
000030.jpg 1163.25473 0 978.5 0 1156.2804 545.5 0 0 1 0.462665883 0.26387658 -0.846350655 -0.302996441 0.944252526 0.128764609 0.833146708 0.196866245 0.516827093 -0.484655361 -0.314485669 1.64522909
000031.jpg 1163.25473 0 978.5 0 1156.2804 545.5 0 0 1 0.430710287 0.257428365 -0.864996697 -0.294111311 0.946169236 0.135138126 0.853221651 0.196199931 0.483237417 -0.416244399 -0.341286774 1.85219791
000032.jpg 1163.25473 0 978.5 0 1156.2804 545.5 0 0 1 0.451825063 0.262173265 -0.852712901 -0.291042527 0.946863679 0.136906611 0.843296128 0.186317879 0.504120311 -0.436718383 -0.354058992 2.03209281
000033.jpg 1163.25473 0 978.5 0 1156.2804 545.5 0 0 1 0.545017367 0.262101911 -0.796403577 -0.279818254 0.952281407 0.121909258 0.790352968 0.156405596 0.592350804 -0.269938365 -0.422413861 2.25526287
000034.jpg 1163.25473 0 978.5 0 1156.2804 545.5 0 0 1 0.641197638 0.256572755 -0.723212286 -0.274354106 0.956804536 0.096202418 0.716655715 0.136731497 0.683892597 -0.272055222 -0.396824499 2.28393489
000035.jpg 1163.25473 0 978.5 0 1156.2804 545.5 0 0 1 0.731562223 0.245328752 -0.636105744 -0.258301625 0.963194038 0.0744144842 0.630949273 0.109868322 0.768005187 -0.32410382 -0.411073055 2.41895462
000036.jpg 1163.25473 0 978.5 0 1156.2804 545.5 0 0 1 0.824730085 0.228743905 -0.51720065 -0.237952396 0.97001107 0.0495699692 0.513029184 0.0821872889 0.854427473 -0.342532553 -0.402846237 2.59022717
000037.jpg 1163.25473 0 978.5 0 1156.2804 545.5 0 0 1 0.906445513 0.204318054 -0.369608799 -0.210675462 0.977272076 0.0235614023 0.366022378 0.056510377 0.928888689 -0.21213815 -0.419978482 2.74927158
000038.jpg 1163.25473 0 978.5 0 1156.2804 545.5 0 0 1 0.969986952 0.169164333 -0.174667519 -0.171349802 0.985206814 0.0026036948 0.172524083 0.0274036949 0.984624029 0.0522077417 -0.397400996 2.79418011
000039.jpg 1163.25473 0 978.5 0 1156.2804 545.5 0 0 1 0.991519773 0.129771453 -0.00692162949 -0.129883978 0.99133625 -0.0195599556 0.00432333835 0.0202930915 0.999784726 0.199534027 -0.380927474 2.78023601
000040.jpg 1163.25473 0 978.5 0 1156.2804 545.5 0 0 1 0.991933321 0.0985927891 0.0796727538 -0.0963453522 0.994846671 -0.0315859901 -0.0823763247 0.0236550965 0.996320519 0.209354153 -0.420856719 2.94052403
000041.jpg 1163.25473 0 978.5 0 1156.2804 545.5 0 0 1 0.982624488 0.0785686916 0.168154917 -0.0704703249 0.996072412 -0.0536067536 -0.171706286 0.0408253772 0.984301905 0.194807025 -0.524528945 3.02329234
000042.jpg 1163.25473 0 978.5 0 1156.2804 545.5 0 0 1 0.976883293 0.0661634144 0.203276746 -0.0529182868 0.996147852 -0.0699221785 -0.207119984 0.0575487509 0.976621448 0.0829569014 -0.634951726 3.31693526
000043.jpg 1163.25473 0 978.5 0 1156.2804 545.5 0 0 1 0.97969381 0.0666953244 0.18908139 -0.0515131571 0.995124339 -0.0841067412 -0.19376902 0.0726586744 0.978352842 -0.229766581 -0.7428917 3.58190404
000044.jpg 1163.25473 0 978.5 0 1156.2804 545.5 0 0 1 0.996439374 0.076076201 0.0363453641 -0.0717481853 0.991519405 -0.108358047 -0.0442806024 0.105364511 0.993447305 -0.987240182 -0.854963261 3.63043369
000045.jpg 1163.25473 0 978.5 0 1156.2804 545.5 0 0 1 0.980253395 0.0916579285 -0.175220165 -0.113699462 0.986218556 -0.120188984 0.161789105 0.137738099 0.977165545 -1.52024923 -0.806311883 3.44228232
000046.jpg 1163.25473 0 978.5 0 1156.2804 545.5 0 0 1 0.938037196 0.119161373 -0.325402497 -0.163188339 0.980280103 -0.111447236 0.305705388 0.157643546 0.938984946 -1.6929156 -0.709148857 3.14309307
000047.jpg 1163.25473 0 978.5 0 1156.2804 545.5 0 0 1 0.901020528 0.144225256 -0.40909789 -0.196656768 0.976434557 -0.0888913435 0.38663694 0.160544794 0.908150453 -1.56239232 -0.643988165 2.97437088
000048.jpg 1163.25473 0 978.5 0 1156.2804 545.5 0 0 1 0.859978071 0.163621743 -0.483389742 -0.217469062 0.97439749 -0.0570678415 0.461676212 0.154199406 0.873543141 -1.32755446 -0.540480552 2.87974027
000049.jpg 1163.25473 0 978.5 0 1156.2804 545.5 0 0 1 0.836174732 0.177743834 -0.518863129 -0.230502222 0.97231436 -0.0383863298 0.497675138 0.151696783 0.853995048 -0.94426996 -0.498561366 2.82518608
000050.jpg 1163.25473 0 978.5 0 1156.2804 545.5 0 0 1 0.828343763 0.183867511 -0.529187442 -0.232500883 0.972245181 -0.0261275192 0.509695939 0.144679115 0.84810259 -0.516303278 -0.547604304 2.8963154
000051.jpg 1163.25473 0 978.5 0 1156.2804 545.5 0 0 1 0.812907386 0.184761267 -0.55230866 -0.233234208 0.972253259 -0.0180389466 0.533650996 0.143481266 0.833444504 -0.161828938 -0.569679323 2.89164562
000052.jpg 1163.25473 0 978.5 0 1156.2804 545.5 0 0 1 0.791666295 0.182868282 -0.582943967 -0.234504909 0.97202052 -0.0135483185 0.56415594 0.147428969 0.812399393 0.198444351 -0.630262877 2.94735816
000053.jpg 1163.25473 0 978.5 0 1156.2804 545.5 0 0 1 0.771654291 0.18275555 -0.609220866 -0.237548923 0.971329084 -0.00950372096 0.590017088 0.152053348 0.79294364 0.491928454 -0.676029878 3.02887866
000054.jpg 1163.25473 0 978.5 0 1156.2804 545.5 0 0 1 0.739817073 0.181903153 -0.64775145 -0.244125137 0.969721932 -0.00650321526 0.626955832 0.162943601 0.761823974 0.686243833 -0.751885714 3.06789784
000055.jpg 1163.25473 0 978.5 0 1156.2804 545.5 0 0 1 0.674956785 0.180593151 -0.71541558 -0.254136861 0.967158366 0.00437616757 0.69271047 0.178859746 0.698685478 0.78980166 -0.839374265 3.17701507
000056.jpg 1163.25473 0 978.5 0 1156.2804 545.5 0 0 1 0.603440798 0.182145624 -0.776326075 -0.269758137 0.962791641 0.0162112534 0.750393064 0.199637744 0.63012302 0.807220996 -0.927693417 3.25430101
000057.jpg 1163.25473 0 978.5 0 1156.2804 545.5 0 0 1 0.502561925 0.180938098 -0.845395124 -0.287595224 0.957152244 0.0338905402 0.81530393 0.226099505 0.533065207 0.669337198 -0.989681953 3.33047477
000058.jpg 1163.25473 0 978.5 0 1156.2804 545.5 0 0 1 0.3911025 0.183071519 -0.901955461 -0.308626678 0.949359869 0.0588677494 0.867057327 0.255344193 0.427797773 0.504850793 -1.01427049 3.3136365
000059.jpg 1163.25473 0 978.5 0 1156.2804 545.5 0 0 1 0.309358559 0.186928651 -0.932392064 -0.322660389 0.942956904 0.0819911618 0.894532031 0.275481319 0.35202626 0.510291016 -1.09077952 3.45099794
000060.jpg 1163.25473 0 978.5 0 1156.2804 545.5 0 0 1 0.227715675 0.191228642 -0.954765509 -0.33461517 0.936180322 0.107699086 0.914427832 0.294954253 0.277170938 0.5596206 -1.15726024 3.59073608
000061.jpg 1163.25473 0 978.5 0 1156.2804 545.5 0 0 1 0.254329146 0.214812277 -0.942959369 -0.340756876 0.932397266 0.120499333 0.905097474 0.290673396 0.310334561 0.822702247 -1.07254248 3.72963861
000062.jpg 1163.25473 0 978.5 0 1156.2804 545.5 0 0 1 0.250619501 0.218270985 -0.943158334 -0.30029767 0.943721327 0.138605075 0.920332101 0.248491116 0.302061236 0.920651852 -0.839357456 3.81380891
000063.jpg 1163.25473 0 978.5 0 1156.2804 545.5 0 0 1 0.135076712 0.195205441 -0.971416037 -0.288235517 0.945743198 0.149966962 0.947984477 0.25973956 0.184013023 0.750191254 -0.841033573 3.84080077
000064.jpg 1163.25473 0 978.5 0 1156.2804 545.5 0 0 1 -0.0646287954 0.159474292 -0.985084295 -0.284790668 0.943147265 0.171369518 0.956408592 0.29161822 -0.0155376813 0.335278892 -0.912817449 3.9738931
000065.jpg 1163.25473 0 978.5 0 1156.2804 545.5 0 0 1 -0.229025528 0.132834167 -0.964314467 -0.279148697 0.940075003 0.195793244 0.932535958 0.314028778 -0.178220689 0.0570784019 -0.935950435 4.0665289
000066.jpg 1163.25473 0 978.5 0 1156.2804 545.5 0 0 1 -0.343215066 0.116025934 -0.932062981 -0.277555918 0.935495252 0.218658059 0.897310499 0.333746336 -0.28887238 -0.0907918582 -0.954811021 3.99793015
000067.jpg 1163.25473 0 978.5 0 1156.2804 545.5 0 0 1 -0.510315099 0.0801239047 -0.856246845 -0.262756434 0.933512337 0.243954451 0.818863576 0.349478007 -0.455332369 -0.489620739 -1.00261793 4.07469543
000068.jpg 1163.25473 0 978.5 0 1156.2804 545.5 0 0 1 -0.581939378 0.0725863666 -0.809986284 -0.256636108 0.9287215 0.267608453 0.771676401 0.363603624 -0.521831329 -0.475125292 -1.0660573 4.04057391
000069.jpg 1163.25473 0 978.5 0 1156.2804 545.5 0 0 1 -0.623463663 0.0686752771 -0.778830384 -0.25779596 0.922371504 0.287701324 0.738128921 0.380150648 -0.557360908 -0.256565268 -1.11872123 3.95423057
000070.jpg 1163.25473 0 978.5 0 1156.2804 545.5 0 0 1 -0.644140099 0.0723094977 -0.761482022 -0.271790512 0.908920107 0.316218528 0.714991923 0.410652622 -0.565818852 -0.010164439 -1.19113089 3.7890691
000071.jpg 1163.25473 0 978.5 0 1156.2804 545.5 0 0 1 -0.660766021 0.0816186178 -0.746141184 -0.277581189 0.897023895 0.343943041 0.697378627 0.434380632 -0.570067117 0.161170437 -1.25289889 3.60554798
000072.jpg 1163.25473 0 978.5 0 1156.2804 545.5 0 0 1 -0.699704044 0.0800536284 -0.709933565 -0.266247704 0.892901388 0.36309678 0.66296788 0.443078467 -0.603452617 0.352860034 -1.24133291 3.66566182
000073.jpg 1163.25473 0 978.5 0 1156.2804 545.5 0 0 1 -0.771963934 0.0704491357 -0.631750429 -0.233597663 0.892860272 0.385009957 0.591188478 0.444789224 -0.672799174 0.362736123 -1.19894498 3.73537508
000074.jpg 1163.25473 0 978.5 0 1156.2804 545.5 0 0 1 -0.818739521 0.0727276925 -0.569540411 -0.19953947 0.894075 0.401016078 0.538376817 0.441973503 -0.717502492 0.506105447 -1.20882536 3.86316413
000075.jpg 1163.25473 0 978.5 0 1156.2804 545.5 0 0 1 -0.839508698 0.0841934546 -0.536783576 -0.172090039 0.895860942 0.409656186 0.51537381 0.436285038 -0.737594199 0.811788869 -1.21031648 4.03001058
000076.jpg 1163.25473 0 978.5 0 1156.2804 545.5 0 0 1 -0.847065842 0.0930191983 -0.52328471 -0.155934357 0.897741392 0.412001054 0.508098352 0.430590085 -0.74594118 1.17566794 -1.22640373 4.15690624
000077.jpg 1163.25473 0 978.5 0 1156.2804 545.5 0 0 1 -0.859095213 0.0921739434 -0.503447495 -0.14378054 0.900575409 0.410232969 0.491205224 0.424815133 -0.760427203 1.54435784 -1.28958269 4.38283623
000078.jpg 1163.25473 0 978.5 0 1156.2804 545.5 0 0 1 -0.864083801 0.0926591257 -0.494745865 -0.136644988 0.902816437 0.407738431 0.484445386 0.419924716 -0.767447653 1.93103925 -1.32867292 4.51525956
000079.jpg 1163.25473 0 978.5 0 1156.2804 545.5 0 0 1 -0.894276486 0.0743447251 -0.441296305 -0.125581434 0.904791574 0.406917082 0.429533317 0.419315001 -0.799797512 1.9315582 -1.40362611 4.71624888
000080.jpg 1163.25473 0 978.5 0 1156.2804 545.5 0 0 1 -0.940897946 0.0446397649 -0.33573553 -0.101819708 0.908139953 0.406096752 0.323022912 0.416280094 -0.849921809 1.55864084 -1.48265583 4.91261067
000081.jpg 1163.25473 0 978.5 0 1156.2804 545.5 0 0 1 -0.936322675 0.0580566634 -0.34630806 -0.0776481645 0.927588773 0.365444703 0.342447969 0.369064347 -0.864014407 1.73016888 -1.28168989 4.93891632
000082.jpg 1163.25473 0 978.5 0 1156.2804 545.5 0 0 1 -0.884861853 0.0785935567 -0.459175951 -0.0770559426 0.947395838 0.310650138 0.459436484 0.310264693 -0.832258336 2.17403403 -0.944241809 4.64440088
000083.jpg 1163.25473 0 978.5 0 1156.2804 545.5 0 0 1 -0.841681019 0.0698367592 -0.535439902 -0.105279744 0.951347182 0.289576787 0.529612346 0.300102261 -0.793378469 2.24253624 -0.771932894 4.24990891
000084.jpg 1163.25473 0 978.5 0 1156.2804 545.5 0 0 1 -0.82390272 0.0455338189 -0.564899087 -0.128337695 0.955883055 0.264229108 0.552008825 0.290196927 -0.781710944 1.94914034 -0.591951855 4.14063211
000085.jpg 1163.25473 0 978.5 0 1156.2804 545.5 0 0 1 -0.798886011 0.0264860326 -0.600899019 -0.149517362 0.958926708 0.241047977 0.582602523 0.282414693 -0.762113011 1.71712778 -0.455551224 3.98563133
000086.jpg 1163.25473 0 978.5 0 1156.2804 545.5 0 0 1 -0.719183883 0.0264734643 -0.694315273 -0.174539458 0.96034875 0.217408041 0.672540349 0.27754177 -0.686046679 1.72794218 -0.417244829 3.79510087
000087.jpg 1163.25473 0 978.5 0 1156.2804 545.5 0 0 1 -0.640038975 0.0239555245 -0.767968908 -0.195882157 0.961399043 0.193240939 0.742953761 0.274113139 -0.610640398 1.65821192 -0.383656911 3.59998123
000088.jpg 1163.25473 0 978.5 0 1156.2804 545.5 0 0 1 -0.611283692 0.00939348728 -0.791355805 -0.214580341 0.960505953 0.177154148 0.761766056 0.27810084 -0.585125967 1.28416995 -0.399820677 3.62351339
000089.jpg 1163.25473 0 978.5 0 1156.2804 545.5 0 0 1 -0.608326242 -0.00438632856 -0.79367496 -0.230401308 0.957899329 0.171301235 0.759509329 0.287070785 -0.583725915 0.869120464 -0.440756083 3.6723403
000090.jpg 1163.25473 0 978.5 0 1156.2804 545.5 0 0 1 -0.658194828 -0.0281807984 -0.752320019 -0.25182564 0.949977439 0.184734165 0.709481089 0.311044542 -0.632366885 0.388144724 -0.532809788 3.56040691
000091.jpg 1163.25473 0 978.5 0 1156.2804 545.5 0 0 1 -0.738618985 -0.0496252783 -0.672294077 -0.261592551 0.940237694 0.217996368 0.621298102 0.336883379 -0.707459015 -0.0659956941 -0.651538357 3.33255447
000092.jpg 1163.25473 0 978.5 0 1156.2804 545.5 0 0 1 -0.790366912 -0.0537692517 -0.610269623 -0.249914832 0.937785424 0.241041645 0.559341328 0.343026771 -0.754632303 -0.200491461 -0.682926264 3.14239986
000093.jpg 1163.25473 0 978.5 0 1156.2804 545.5 0 0 1 -0.852172757 -0.0593346311 -0.519885558 -0.228733818 0.935837056 0.268122819 0.470619202 0.34740237 -0.81106668 -0.243189214 -0.704584793 3.00810832
000094.jpg 1163.25473 0 978.5 0 1156.2804 545.5 0 0 1 -0.874046691 -0.043719165 -0.483870868 -0.206407923 0.935008154 0.288366991 0.439816043 0.351920995 -0.826264765 0.0449106704 -0.727465878 3.11290337
000095.jpg 1163.25473 0 978.5 0 1156.2804 545.5 0 0 1 -0.877184699 -0.0215328077 -0.479670035 -0.191763813 0.931573704 0.308864166 0.440197279 0.362914275 -0.821291413 0.386796321 -0.758005561 3.12140945
000096.jpg 1163.25473 0 978.5 0 1156.2804 545.5 0 0 1 -0.909647121 -0.0274583872 -0.414473344 -0.172651915 0.932530337 0.317141114 0.377800783 0.360046118 -0.85301428 0.49177447 -0.799418749 3.3441132
000097.jpg 1163.25473 0 978.5 0 1156.2804 545.5 0 0 1 -0.968553812 -0.0546658773 -0.242724444 -0.118650603 0.958971611 0.257479092 0.21869053 0.278181758 -0.935301749 0.201216898 -0.420672549 3.68200375
000098.jpg 1163.25473 0 978.5 0 1156.2804 545.5 0 0 1 -0.994227592 -0.0894989317 -0.0591729393 -0.101652491 0.962206597 0.25263657 0.0343258895 0.257193325 -0.965750137 -0.210779708 -0.366962127 3.89251343
000099.jpg 1163.25473 0 978.5 0 1156.2804 545.5 0 0 1 -0.98778129 -0.123545441 0.0949981392 -0.0965802114 0.963669594 0.249024448 -0.122312653 0.23680675 -0.96382684 -0.527863451 -0.344392376 4.1097298
000100.jpg 1163.25473 0 978.5 0 1156.2804 545.5 0 0 1 -0.970749423 -0.150201586 0.187310014 -0.100155636 0.962362228 0.252641626 -0.218207255 0.226491559 -0.949256113 -0.631119235 -0.347467467 4.22930866
000101.jpg 1163.25473 0 978.5 0 1156.2804 545.5 0 0 1 -0.957992336 -0.169397851 0.231419645 -0.108543954 0.961053657 0.254153653 -0.265459778 0.218358049 -0.93906915 -0.484699632 -0.364317607 4.39975574
000102.jpg 1163.25473 0 978.5 0 1156.2804 545.5 0 0 1 -0.962860686 -0.177652199 0.203319933 -0.120081861 0.956229992 0.266841806 -0.241825652 0.232516448 -0.942049073 -0.0297090244 -0.384146557 4.46344068
000103.jpg 1163.25473 0 978.5 0 1156.2804 545.5 0 0 1 -0.956979649 -0.191605278 0.217893022 -0.127828347 0.952556614 0.276216962 -0.260480067 0.236481107 -0.93606988 0.255658552 -0.374139957 4.54420821
000104.jpg 1163.25473 0 978.5 0 1156.2804 545.5 0 0 1 -0.949586827 -0.202988053 0.238915692 -0.130664552 0.948992433 0.286949711 -0.284976547 0.241265854 -0.927674057 0.537306822 -0.426742669 4.54291936
000105.jpg 1163.25473 0 978.5 0 1156.2804 545.5 0 0 1 -0.92608556 -0.217734385 0.308151379 -0.127398291 0.949178037 0.287803283 -0.355155192 0.227272506 -0.906759063 0.558625471 -0.439462467 4.65599774
000106.jpg 1163.25473 0 978.5 0 1156.2804 545.5 0 0 1 -0.901825976 -0.224137912 0.369421312 -0.117419363 0.949892796 0.289683223 -0.415839635 0.21786664 -0.882956129 0.513739652 -0.468041825 4.6630504
000107.jpg 1163.25473 0 978.5 0 1156.2804 545.5 0 0 1 -0.876613351 -0.220025445 0.427946068 -0.0987827962 0.952683018 0.287466567 -0.470946911 0.209723321 -0.856869381 0.558717065 -0.482463073 4.74516169
000108.jpg 1163.25473 0 978.5 0 1156.2804 545.5 0 0 1 -0.884765582 -0.141662825 0.443983682 -0.0259264901 0.96616698 0.256610957 -0.465314606 0.215529604 -0.85850411 0.840393396 -0.529329821 4.6273451
000109.jpg 1163.25473 0 978.5 0 1156.2804 545.5 0 0 1 -0.851416556 -0.135010155 0.506815653 -0.0158176144 0.972471753 0.232483315 -0.524251515 0.189923529 -0.83011409 0.806596099 -0.4113157 4.71830963
000110.jpg 1163.25473 0 978.5 0 1156.2804 545.5 0 0 1 -0.749500544 -0.1370715 0.647657579 -0.00178973816 0.978745181 0.205072347 -0.662001308 0.152542698 -0.733815367 0.301955614 -0.294690426 4.88859635
000111.jpg 1163.25473 0 978.5 0 1156.2804 545.5 0 0 1 -0.625404585 -0.135536659 0.768439275 0.0153797502 0.982466528 0.185803617 -0.780149068 0.128020838 -0.612354552 -0.236823944 -0.302028532 5.07924543
000112.jpg 1163.25473 0 978.5 0 1156.2804 545.5 0 0 1 -0.523398633 -0.129294295 0.842221382 0.053189708 0.981535506 0.183735969 -0.850426203 0.140964664 -0.506857216 -0.518311377 -0.455821229 5.06742715
000113.jpg 1163.25473 0 978.5 0 1156.2804 545.5 0 0 1 -0.426546746 -0.117912242 0.896746662 0.0839134475 0.982030485 0.169040411 -0.900564493 0.147352741 -0.408987485 -0.659662312 -0.568952089 5.07874809
000114.jpg 1163.25473 0 978.5 0 1156.2804 545.5 0 0 1 -0.335647594 -0.103980047 0.936231191 0.120822073 0.980927585 0.152259971 -0.934207 0.164223086 -0.316682899 -0.730247527 -0.714069364 4.99641915
000115.jpg 1163.25473 0 978.5 0 1156.2804 545.5 0 0 1 -0.2340532 -0.0853338397 0.968471598 0.139520664 0.982881797 0.120321893 -0.962160633 0.163283524 -0.218140796 -0.869828026 -0.819558434 5.07315224
000116.jpg 1163.25473 0 978.5 0 1156.2804 545.5 0 0 1 -0.102122116 -0.0642904843 0.992692202 0.0967517748 0.992536379 0.0742336248 -0.990055639 0.103625627 -0.0951396972 -1.19163277 -0.593751707 5.08328136
000117.jpg 1163.25473 0 978.5 0 1156.2804 545.5 0 0 1 -0.0712371792 -0.0471088138 0.996346337 0.0943953969 0.994082667 0.0537509048 -0.992982766 0.0978795708 -0.0663687899 -1.01811483 -0.608422565 5.12611763
000118.jpg 1163.25473 0 978.5 0 1156.2804 545.5 0 0 1 -0.0369285042 -0.0433416695 0.998377577 0.0883422244 0.995005953 0.0464629479 -0.995405413 0.089914703 -0.032915182 -0.943204049 -0.55724315 5.16035755
000119.jpg 1163.25473 0 978.5 0 1156.2804 545.5 0 0 1 0.0238412117 -0.040258252 0.998904835 0.0870555449 0.995476828 0.0380423099 -0.995918134 0.0860532299 0.0272380778 -1.10936326 -0.564249928 5.28218423
000120.jpg 1163.25473 0 978.5 0 1156.2804 545.5 0 0 1 0.0274612936 -0.0498676383 0.998378233 0.10944503 0.992900674 0.0465836574 -0.993613437 0.107988288 0.0327241021 -0.796163004 -0.726225327 5.26915191
000121.jpg 1163.25473 0 978.5 0 1156.2804 545.5 0 0 1 0.0325636097 -0.116443082 0.992663397 0.13035262 0.985201684 0.111291672 -0.990932796 0.125772216 0.0472603841 -0.524626014 -0.86446015 5.0852802
000122.jpg 1163.25473 0 978.5 0 1156.2804 545.5 0 0 1 0.101463503 -0.126127377 0.986811554 0.143181591 0.983454755 0.110976471 -0.984481686 0.130033187 0.117843883 -0.523045943 -0.955714022 4.97753215
000123.jpg 1163.25473 0 978.5 0 1156.2804 545.5 0 0 1 0.305397747 -0.093823756 0.947591325 0.134943455 0.989355083 0.0544681882 -0.942614704 0.111236786 0.314807715 -1.21764488 -0.964785771 4.87610934
000124.jpg 1163.25473 0 978.5 0 1156.2804 545.5 0 0 1 0.501363699 -0.0697278808 0.86242244 0.122791635 0.992392995 0.00885203327 -0.856479221 0.101460173 0.506111823 -1.88410375 -0.985771032 4.70271393
000125.jpg 1163.25473 0 978.5 0 1156.2804 545.5 0 0 1 0.616188401 -0.0495239454 0.786040223 0.103365377 0.994473737 -0.0183734662 -0.780786432 0.0925708609 0.617902244 -2.17398525 -0.946274234 4.53176476
000126.jpg 1163.25473 0 978.5 0 1156.2804 545.5 0 0 1 0.68152066 -0.0327700398 0.731064782 0.0869518753 0.995546059 -0.036433728 -0.726614727 0.0883977921 0.681334623 -2.20811793 -0.969289511 4.64290978
000127.jpg 1163.25473 0 978.5 0 1156.2804 545.5 0 0 1 0.707239727 -0.0212393084 0.706654697 0.0759649787 0.996044666 -0.0460906169 -0.702880709 0.0862781242 0.706055801 -2.00335671 -0.90557582 4.81204428
000128.jpg 1163.25473 0 978.5 0 1156.2804 545.5 0 0 1 0.719850475 -0.0125140182 0.69401635 0.0703518759 0.996004196 -0.0550114081 -0.690554783 0.0884253404 0.717854478 -1.71062193 -0.896441556 4.95532624
000129.jpg 1163.25473 0 978.5 0 1156.2804 545.5 0 0 1 0.727839737 -0.0101021648 0.685672855 0.0620717492 0.99675739 -0.051203541 -0.682932219 0.0798288853 0.726106696 -1.44125251 -0.835398197 4.98518329
000130.jpg 1163.25473 0 978.5 0 1156.2804 545.5 0 0 1 0.783398644 -0.0090565196 0.621453574 0.0400409583 0.998552073 -0.0359232402 -0.620228415 0.0530258143 0.782626971 -1.55564186 -0.736285321 4.68947452
000131.jpg 1163.25473 0 978.5 0 1156.2804 545.5 0 0 1 0.86507138 -0.00291479017 0.501640321 0.0258357214 0.998914922 -0.0387491097 -0.500983057 0.0464809854 0.864208016 -1.91075906 -0.754736858 4.34296361
000132.jpg 1163.25473 0 978.5 0 1156.2804 545.5 0 0 1 0.872013938 -0.000284132188 0.489480961 0.0190293038 0.999263534 -0.033320796 -0.489111007 0.0383706805 0.871377136 -1.5940864 -0.746189182 4.15122969
000133.jpg 1163.25473 0 978.5 0 1156.2804 545.5 0 0 1 0.859458944 -0.00506147276 0.511179718 0.0249765741 0.999172526 -0.0321003649 -0.510594255 0.0403564638 0.858874183 -1.27646189 -0.739059271 3.83453125
000134.jpg 1163.25473 0 978.5 0 1156.2804 545.5 0 0 1 0.869145251 -0.0118025962 0.494416051 0.0297066494 0.999155963 -0.0283703549 -0.493663901 0.0393454035 0.868762276 -1.08574364 -0.709307898 3.54544976
000135.jpg 1163.25473 0 978.5 0 1156.2804 545.5 0 0 1 0.842763715 -0.0174662326 0.538000234 0.0372206295 0.998972067 -0.0258734413 -0.536995294 0.0418299049 0.842547514 -0.688129152 -0.701214325 3.20668248
000136.jpg 1163.25473 0 978.5 0 1156.2804 545.5 0 0 1 0.789035458 -0.030087951 0.613610432 0.0504340978 0.998601024 -0.0158870063 -0.612273998 0.0434822998 0.789449074 -0.130113293 -0.617988079 2.89387193
000137.jpg 1163.25473 0 978.5 0 1156.2804 545.5 0 0 1 0.73206565 -0.0448065621 0.679758969 0.0625239485 0.998042262 -0.00154877309 -0.678358784 0.0436350184 0.733433941 0.402018488 -0.501310407 2.56221509
000138.jpg 1163.25473 0 978.5 0 1156.2804 545.5 0 0 1 0.732946386 -0.0567140606 0.677918219 0.0644499229 0.997825578 0.0137957677 -0.677226552 0.0335802189 0.735007868 0.659415832 -0.462560383 2.41028518
000139.jpg 1163.25473 0 978.5 0 1156.2804 545.5 0 0 1 0.815999265 -0.0586829302 0.57506653 0.0580244349 0.99812432 0.0195194173 -0.575133345 0.0174400802 0.817873755 0.608392807 -0.436479993 2.44375583
000140.jpg 1163.25473 0 978.5 0 1156.2804 545.5 0 0 1 0.928603717 -0.0420018362 0.36868819 0.0429457951 0.999061432 0.00564918995 -0.368579428 0.0105877487 0.929535962 0.248705123 -0.457332296 2.4369023
000141.jpg 1163.25473 0 978.5 0 1156.2804 545.5 0 0 1 0.993992741 -0.00805529698 0.109149182 0.00893168485 0.999931664 -0.00754273526 -0.109080964 0.00847231018 0.993996762 -0.213620654 -0.424358581 2.30333573
000142.jpg 1163.25473 0 978.5 0 1156.2804 545.5 0 0 1 0.996459007 0.0252215634 -0.0802079811 -0.0263705695 0.999563779 -0.0132983061 0.0798375886 0.015366347 0.996689437 -0.403420974 -0.35125611 2.01542881
000143.jpg 1163.25473 0 978.5 0 1156.2804 545.5 0 0 1 0.959665862 0.0516979612 -0.276348973 -0.0564801403 0.99835977 -0.00936821965 0.275411379 0.0245985893 0.961011697 -0.54685724 -0.164899863 1.86272302
000144.jpg 1163.25473 0 978.5 0 1156.2804 545.5 0 0 1 0.870402309 0.0811441599 -0.485608325 -0.093377628 0.99563026 -0.00100188151 0.483405046 0.0462169935 0.874175927 -0.749562281 -0.0696735418 1.64683963
000145.jpg 1163.25473 0 978.5 0 1156.2804 545.5 0 0 1 0.729429926 0.106559022 -0.675704934 -0.132212778 0.991128377 0.0135765083 0.671157034 0.0794337148 0.737047163 -0.84267078 -0.0914156581 1.53474622
000146.jpg 1163.25473 0 978.5 0 1156.2804 545.5 0 0 1 0.611646298 0.125342311 -0.781138983 -0.184957695 0.982662422 0.012853653 0.769207031 0.136615776 0.624224857 -0.780620773 -0.147664752 1.39198696
000147.jpg 1163.25473 0 978.5 0 1156.2804 545.5 0 0 1 0.512135234 0.145473604 -0.846495678 -0.240873597 0.970328743 0.0210247542 0.824437634 0.193130942 0.531980289 -0.610661791 -0.236008283 1.43885642
000148.jpg 1163.25473 0 978.5 0 1156.2804 545.5 0 0 1 0.419494614 0.165868717 -0.892475119 -0.283148901 0.958021518 0.0449607613 0.862467952 0.233842552 0.448850412 -0.56625241 -0.287108608 1.48298836
000149.jpg 1163.25473 0 978.5 0 1156.2804 545.5 0 0 1 0.333929878 0.194089515 -0.922399098 -0.315407416 0.945169169 0.0846959474 0.888261785 0.262649009 0.376837498 -0.709844046 -0.388074809 1.7779597
000150.jpg 1163.25473 0 978.5 0 1156.2804 545.5 0 0 1 0.387219571 0.240812423 -0.88998336 -0.33602163 0.935756695 0.1069994 0.858574672 0.257621398 0.443261489 -0.550841659 -0.519170632 2.09798697
000151.jpg 1163.25473 0 978.5 0 1156.2804 545.5 0 0 1 0.445082807 0.263701387 -0.855782024 -0.357749882 0.928444424 0.100029865 0.820924062 0.261634346 0.507573791 -0.233946782 -0.661095172 2.22902796
000152.jpg 1163.25473 0 978.5 0 1156.2804 545.5 0 0 1 0.44872029 0.27490658 -0.850339034 -0.378175165 0.920528301 0.0980366822 0.809712076 0.277586057 0.517022568 -0.0469067369 -0.824089653 2.44930461
000153.jpg 1163.25473 0 978.5 0 1156.2804 545.5 0 0 1 0.418596003 0.28220317 -0.863214201 -0.405696837 0.908490874 0.100271671 0.812519208 0.308229951 0.494779582 0.0963988429 -0.948108861 2.58103515
000154.jpg 1163.25473 0 978.5 0 1156.2804 545.5 0 0 1 0.34504298 0.286507689 -0.89378895 -0.422820486 0.897619442 0.124507728 0.83795476 0.33495176 0.430858607 0.191860469 -1.11445453 2.79013765
000155.jpg 1163.25473 0 978.5 0 1156.2804 545.5 0 0 1 0.226497834 0.281685889 -0.932390364 -0.434122036 0.886122421 0.162250155 0.871915586 0.368021895 0.32299086 0.0555374702 -1.19582492 2.925315
000156.jpg 1163.25473 0 978.5 0 1156.2804 545.5 0 0 1 0.0925232756 0.274476125 -0.957132332 -0.441123048 0.873074563 0.207728824 0.892664495 0.40299338 0.201857463 -0.124049337 -1.31342147 3.1070294
000157.jpg 1163.25473 0 978.5 0 1156.2804 545.5 0 0 1 -0.0230359285 0.265478051 -0.963841663 -0.431092656 0.867222086 0.24916857 0.902013563 0.421244892 0.0944683723 -0.24768139 -1.38815588 3.31671947
000158.jpg 1163.25473 0 978.5 0 1156.2804 545.5 0 0 1 -0.110648356 0.258292819 -0.959709206 -0.430405102 0.857937634 0.280525335 0.895828326 0.444103406 0.0162411588 -0.224909767 -1.45259669 3.34080671
000159.jpg 1163.25473 0 978.5 0 1156.2804 545.5 0 0 1 -0.175575633 0.254171715 -0.951088816 -0.417421952 0.855732421 0.305746525 0.891589654 0.45068699 -0.0441489083 -0.127996494 -1.45588001 3.31098767
000160.jpg 1163.25473 0 978.5 0 1156.2804 545.5 0 0 1 -0.288332026 0.232238784 -0.928940143 -0.399647796 0.85241397 0.337152878 0.87014153 0.468460853 -0.152964529 -0.181993184 -1.46272091 3.32672784
000161.jpg 1163.25473 0 978.5 0 1156.2804 545.5 0 0 1 -0.419617902 0.20935166 -0.883228565 -0.378961528 0.843774631 0.380042804 0.824808448 0.494182411 -0.274726716 -0.377762535 -1.54386227 3.40238273
000162.jpg 1163.25473 0 978.5 0 1156.2804 545.5 0 0 1 -0.545837579 0.191323211 -0.815755335 -0.349034269 0.833171107 0.428953361 0.76173251 0.518865431 -0.387997743 -0.510553023 -1.47224114 3.30193009
000163.jpg 1163.25473 0 978.5 0 1156.2804 545.5 0 0 1 -0.601507968 0.20502268 -0.772110008 -0.30427519 0.834856431 0.458727967 0.738650643 0.510862447 -0.439789481 -0.39212475 -1.39322432 3.23124553
000164.jpg 1163.25473 0 978.5 0 1156.2804 545.5 0 0 1 -0.586454187 0.208108299 -0.78279143 -0.224692342 0.886702551 0.404069223 0.778193317 0.412855328 -0.473250082 -0.00671485228 -1.0785414 3.28610182
000165.jpg 1163.25473 0 978.5 0 1156.2804 545.5 0 0 1 -0.593848712 0.187146861 -0.782508633 -0.215349318 0.900115736 0.378703489 0.775221503 0.393405279 -0.494230622 0.281852254 -0.917329902 3.12986568
000166.jpg 1163.25473 0 978.5 0 1156.2804 545.5 0 0 1 -0.58727797 0.172787541 -0.790726914 -0.209912937 0.911004925 0.354974062 0.781691208 0.374452255 -0.498742783 0.610327002 -0.774690123 2.94477265
000167.jpg 1163.25473 0 978.5 0 1156.2804 545.5 0 0 1 -0.583433515 0.156998421 -0.796841784 -0.209778794 0.918711856 0.334606311 0.784600657 0.362381045 -0.503072348 0.899002788 -0.700103889 2.73381197
000168.jpg 1163.25473 0 978.5 0 1156.2804 545.5 0 0 1 -0.713179397 0.0925892005 -0.694839829 -0.200762625 0.922735726 0.329018461 0.671617091 0.374147056 -0.639487658 0.746685647 -0.697893154 2.88756918
000169.jpg 1163.25473 0 978.5 0 1156.2804 545.5 0 0 1 -0.85143916 0.0264701386 -0.523784965 -0.180353811 0.923035287 0.339821073 0.492467116 0.383803583 -0.781134399 0.434731226 -0.704127729 3.07133474
000170.jpg 1163.25473 0 978.5 0 1156.2804 545.5 0 0 1 -0.944303123 -0.0276258797 -0.327915269 -0.15029808 0.92267342 0.355083438 0.29274921 0.384591434 -0.875435508 0.0580735104 -0.699612954 3.112748
000171.jpg 1163.25473 0 978.5 0 1156.2804 545.5 0 0 1 -0.990139092 -0.0768602365 -0.117119945 -0.114571864 0.925377707 0.361316187 0.0806093389 0.371171932 -0.925058664 -0.312414563 -0.712034794 3.18023853
000172.jpg 1163.25473 0 978.5 0 1156.2804 545.5 0 0 1 -0.983672203 -0.126909144 0.127605118 -0.0720589975 0.927458458 0.366917305 -0.164913607 0.351731257 -0.921460051 -0.821510093 -0.704561868 3.11209309
000173.jpg 1163.25473 0 978.5 0 1156.2804 545.5 0 0 1 -0.965438868 -0.133674671 0.223738407 -0.0446141323 0.930544358 0.363451204 -0.256782732 0.340908024 -0.90434747 -0.771636964 -0.697560147 3.1974701
000174.jpg 1163.25473 0 978.5 0 1156.2804 545.5 0 0 1 -0.954649023 -0.136942142 0.264371126 -0.0326674672 0.930761624 0.364164297 -0.295935938 0.339012755 -0.893024228 -0.55575127 -0.687848595 3.22529785
000175.jpg 1163.25473 0 978.5 0 1156.2804 545.5 0 0 1 -0.946024111 -0.141015819 0.291809732 -0.0256108559 0.930091368 0.366434348 -0.323082752 0.339182231 -0.883500396 -0.308019881 -0.738214751 3.43366169
000176.jpg 1163.25473 0 978.5 0 1156.2804 545.5 0 0 1 -0.943488006 -0.143350477 0.298799302 -0.0233911404 0.928165373 0.371432222 -0.330580152 0.34345259 -0.879066028 0.039378771 -0.771454532 3.62141098
000177.jpg 1163.25473 0 978.5 0 1156.2804 545.5 0 0 1 -0.933041241 -0.148906057 0.327507297 -0.0155854522 0.926200475 0.376709136 -0.359431686 0.34638081 -0.866504009 0.322440982 -0.843355541 3.75965177
000178.jpg 1163.25473 0 978.5 0 1156.2804 545.5 0 0 1 -0.923316372 -0.152448729 0.352485834 -0.00536603586 0.922867397 0.385080476 -0.384002713 0.353659656 -0.852916622 0.698491108 -0.844627129 3.72615949
000179.jpg 1163.25473 0 978.5 0 1156.2804 545.5 0 0 1 -0.903214524 -0.156879482 0.399490115 0.0121611895 0.921072938 0.38920014 -0.42901705 0.356389494 -0.830018614 0.912877575 -0.856035777 3.71725256
000180.jpg 1163.25473 0 978.5 0 1156.2804 545.5 0 0 1 -0.856232503 -0.170510205 0.487639386 0.034973352 0.922658189 0.384029598 -0.515405438 0.345873007 -0.784046617 0.930329661 -0.895445938 3.83566948
000181.jpg 1163.25473 0 978.5 0 1156.2804 545.5 0 0 1 -0.773674539 -0.18313215 0.60653963 0.0734159412 0.924955546 0.372917334 -0.629315348 0.333046324 -0.702169736 0.702541425 -0.958902269 3.95806674
000182.jpg 1163.25473 0 978.5 0 1156.2804 545.5 0 0 1 -0.591744916 -0.202099304 0.780380564 0.123614413 0.933865178 0.335582042 -0.796591132 0.295045253 -0.527627585 -0.0147998912 -1.04262939 4.11472482
000183.jpg 1163.25473 0 978.5 0 1156.2804 545.5 0 0 1 -0.477352088 -0.186674378 0.858654564 0.169782052 0.939166163 0.298564856 -0.862153721 0.288304692 -0.41661897 -0.243846291 -1.11934116 4.14470232
000184.jpg 1163.25473 0 978.5 0 1156.2804 545.5 0 0 1 -0.398100524 -0.168124996 0.901803725 0.209999317 0.940254053 0.267997392 -0.892981668 0.296068069 -0.339009497 -0.272919057 -1.2586677 4.28821622
000185.jpg 1163.25473 0 978.5 0 1156.2804 545.5 0 0 1 -0.342412317 -0.150357392 0.927440812 0.236086377 0.941671807 0.23982792 -0.909404766 0.301076175 -0.286942693 -0.146548406 -1.33491498 4.2839034
000186.jpg 1163.25473 0 978.5 0 1156.2804 545.5 0 0 1 -0.273035376 -0.136120851 0.952324943 0.256084522 0.943935517 0.208342164 -0.92729305 0.300760459 -0.222869346 -0.0913208847 -1.39029427 4.31498353
000187.jpg 1163.25473 0 978.5 0 1156.2804 545.5 0 0 1 -0.202375623 -0.121737185 0.971711976 0.270078572 0.94682564 0.174867874 -0.941329736 0.297827578 -0.158735824 -0.0520120074 -1.41520542 4.27130439
000188.jpg 1163.25473 0 978.5 0 1156.2804 545.5 0 0 1 -0.0669854259 -0.113193533 0.991312351 0.280213532 0.951422825 0.127573447 -0.957597687 0.286324696 -0.0320131036 -0.312018585 -1.43566065 4.22749597
000189.jpg 1163.25473 0 978.5 0 1156.2804 545.5 0 0 1 0.127935219 -0.103899228 0.986325266 0.280565356 0.957666081 0.0644884386 -0.951270551 0.268478357 0.151669744 -0.811754419 -1.41586373 4.0743649
000190.jpg 1163.25473 0 978.5 0 1156.2804 545.5 0 0 1 0.321367997 -0.079888299 0.943578545 0.267948355 0.963384507 -0.00969381565 -0.908254529 0.255945601 0.331006888 -1.29853622 -1.3696606 3.81832507
000191.jpg 1163.25473 0 978.5 0 1156.2804 545.5 0 0 1 0.478988326 -0.0512381908 0.876324615 0.23722866 0.968705151 -0.0730266595 -0.845158415 0.242868231 0.476153627 -1.59932747 -1.2862831 3.59422216
000192.jpg 1163.25473 0 978.5 0 1156.2804 545.5 0 0 1 0.590852621 -0.0176275459 0.806586914 0.196569432 0.972777853 -0.122734297 -0.782466382 0.231068212 0.578233381 -1.76682562 -1.19454475 3.36264132
000193.jpg 1163.25473 0 978.5 0 1156.2804 545.5 0 0 1 0.660508684 0.00859237994 0.750769239 0.154467872 0.97698904 -0.147078525 -0.734757072 0.21311637 0.643982498 -1.77176395 -1.11873134 3.25436944
000194.jpg 1163.25473 0 978.5 0 1156.2804 545.5 0 0 1 0.639694152 0.0171631595 0.768437907 0.137848334 0.980979562 -0.136663588 -0.756167461 0.193350783 0.625160976 -1.35355261 -1.11819798 3.26373701
000195.jpg 1163.25473 0 978.5 0 1156.2804 545.5 0 0 1 0.592385027 -0.0143588065 0.805527035 0.127554271 0.988901983 -0.076175951 -0.795493487 0.147873906 0.587642255 -0.810704898 -1.04880858 3.4591711
000196.jpg 1163.25473 0 978.5 0 1156.2804 545.5 0 0 1 0.545808264 -0.038118116 0.83704262 0.0860187438 0.996235818 -0.0107224036 -0.833483122 0.0778537312 0.547032615 -0.304201029 -0.807516398 3.43504008
000197.jpg 1163.25473 0 978.5 0 1156.2804 545.5 0 0 1 0.569872301 -0.0588121344 0.819625947 0.0853792662 0.996274747 0.012124757 -0.817285716 0.0630694987 0.57277072 -0.0402988392 -0.78359344 3.39880005
000198.jpg 1163.25473 0 978.5 0 1156.2804 545.5 0 0 1 0.58387075 -0.0788713538 0.808006347 0.0917874439 0.995301329 0.0308274304 -0.806641192 0.0561656023 0.588366733 0.210091259 -0.753765729 3.34540976
000199.jpg 1163.25473 0 978.5 0 1156.2804 545.5 0 0 1 0.624507516 -0.0974063051 0.774920883 0.0973377862 0.994163572 0.0465203894 -0.774929492 0.0463767504 0.630343937 0.218859703 -0.786075726 3.62467871
000200.jpg 1163.25473 0 978.5 0 1156.2804 545.5 0 0 1 0.721919476 -0.0976547821 0.685051687 0.0961214483 0.994546185 0.0404790557 -0.685268515 0.0366255416 0.72736898 -0.269515109 -0.822885785 3.97279838
000201.jpg 1163.25473 0 978.5 0 1156.2804 545.5 0 0 1 0.804990818 -0.0887307301 0.586614559 0.093704935 0.995357603 0.0219687603 -0.585840565 0.0372840287 0.809568239 -0.843442951 -0.921459565 4.20218099
000202.jpg 1163.25473 0 978.5 0 1156.2804 545.5 0 0 1 0.902923329 -0.0725969103 0.423626193 0.0849814759 0.99632836 -0.0103898119 -0.421316522 0.0453815826 0.905777512 -1.71074146 -0.996539818 3.97898317
000203.jpg 1163.25473 0 978.5 0 1156.2804 545.5 0 0 1 0.982932575 -0.0385524104 0.179881253 0.0476624839 0.997775923 -0.0465993042 -0.177684667 0.0543775613 0.982583961 -2.60445111 -0.924559295 3.29114639
000204.jpg 1163.25473 0 978.5 0 1156.2804 545.5 0 0 1 0.998849054 0.00512871209 -0.0476892327 -0.00795711921 0.998207909 -0.0593098246 0.0472995862 0.0596210311 0.997099835 -3.08603058 -0.67684137 2.53961985
000205.jpg 1163.25473 0 978.5 0 1156.2804 545.5 0 0 1 0.989370965 0.0389955609 -0.14008726 -0.0474104915 0.997233978 -0.057241932 0.137467594 0.0632751114 0.988483141 -2.97359252 -0.526713801 2.15752282
000206.jpg 1163.25473 0 978.5 0 1156.2804 545.5 0 0 1 0.997656727 0.0515189104 -0.0450206357 -0.0540365229 0.996932463 -0.0566190675 0.0419655805 0.0589191522 0.99738028 -2.41571097 -0.467300054 2.28224701
000207.jpg 1163.25473 0 978.5 0 1156.2804 545.5 0 0 1 0.997073617 0.0390686965 0.0657102732 -0.0355566601 0.99791883 -0.0537934194 -0.0676751577 0.0512995614 0.99638769 -1.74665699 -0.474455783 2.41690695
000208.jpg 1163.25473 0 978.5 0 1156.2804 545.5 0 0 1 0.985088999 0.0136181042 0.171505718 -0.0061120272 0.999003209 -0.0442179955 -0.171936928 0.0425104133 0.984190306 -1.0347575 -0.514375795 2.60893244
000209.jpg 1163.25473 0 978.5 0 1156.2804 545.5 0 0 1 0.993658784 -0.0018682073 0.112422106 0.00579258237 0.999384765 -0.0345909943 -0.112288317 0.0350228597 0.993058273 -0.864986545 -0.511937298 2.52956853
000210.jpg 1163.25473 0 978.5 0 1156.2804 545.5 0 0 1 0.99999024 0.0026250819 -0.0035536909 -0.00262721029 0.999996372 -0.0005943888 0.00355211769 0.000603719293 0.999993509 -0.751006308 -0.45455418 2.58664842
000211.jpg 1163.25473 0 978.5 0 1156.2804 545.5 0 0 1 0.999524643 0.00199904048 -0.0307651197 -0.00167250856 0.99994204 0.0106357818 0.0307845979 -0.0105792711 0.999470053 -0.404323899 -0.406973733 2.59376374
000212.jpg 1163.25473 0 978.5 0 1156.2804 545.5 0 0 1 0.998487863 -0.00259544999 -0.0549112994 0.00295778857 0.999974381 0.00651837597 0.0548929745 -0.00667093531 0.998469959 -0.111723801 -0.38970555 2.55125084
000213.jpg 1163.25473 0 978.5 0 1156.2804 545.5 0 0 1 0.996912527 -0.00951677705 -0.0779412933 0.00972801236 0.999949965 0.00233094036 0.0779152105 -0.0030819575 0.996955225 0.116365405 -0.370325453 2.45480889
000214.jpg 1163.25473 0 978.5 0 1156.2804 545.5 0 0 1 0.974714006 0.00130867169 -0.223452219 -0.000900124782 0.999997732 0.00193018666 0.223454238 -0.00168024509 0.974712973 0.0498901535 -0.353353451 2.3159295
000215.jpg 1163.25473 0 978.5 0 1156.2804 545.5 0 0 1 0.979285699 0.00203282013 -0.202473179 -0.00226517082 0.999997015 -0.000915851302 0.202470713 0.00135551642 0.97928738 0.4329899 -0.334280868 2.2097085
000216.jpg 1163.25473 0 978.5 0 1156.2804 545.5 0 0 1 0.993341208 -0.00622632674 -0.115041201 0.00597252731 0.999978911 -0.0025507205 0.115054657 0.00184664907 0.993357446 0.918416613 -0.295273219 2.08198502
000217.jpg 1163.25473 0 978.5 0 1156.2804 545.5 0 0 1 0.999801492 -0.0180591987 -0.00841672553 0.0180127864 0.999822309 -0.00555786599 0.00851560056 0.00540515403 0.999949133 1.35938012 -0.249505 1.76223209
000218.jpg 1163.25473 0 978.5 0 1156.2804 545.5 0 0 1 0.999531547 -0.0277153595 0.012982468 0.0277738027 0.999604798 -0.00434320932 -0.0128569637 0.00470174723 0.999906292 1.64389674 -0.181296585 1.5639495
000219.jpg 1163.25473 0 978.5 0 1156.2804 545.5 0 0 1 0.999268358 -0.023258687 -0.0303608533 0.023134691 0.999722546 -0.004429029 0.030455443 0.00372339958 0.99952919 1.82932393 -0.150249752 1.49755514
000220.jpg 1163.25473 0 978.5 0 1156.2804 545.5 0 0 1 0.989461482 -0.0129795752 -0.144213409 0.0132854955 0.999911073 0.00115845691 0.144185548 -0.00306219507 0.989545932 1.96205741 -0.17670157 1.80314765
000221.jpg 1163.25473 0 978.5 0 1156.2804 545.5 0 0 1 0.908269213 0.0188633792 -0.417960775 -0.0191606307 0.999810343 0.0034854722 0.417947253 0.00484264498 0.908458388 1.57545965 -0.272173951 2.38582104
000222.jpg 1163.25473 0 978.5 0 1156.2804 545.5 0 0 1 0.789164548 0.061577597 -0.611087159 -0.0669950038 0.997654904 0.0140129108 0.610516983 0.0298812941 0.791439272 1.02657206 -0.479116518 2.8467559
000223.jpg 1163.25473 0 978.5 0 1156.2804 545.5 0 0 1 0.723209127 0.086499501 -0.685190773 -0.098438854 0.99490653 0.0216976664 0.683577612 0.0517574441 0.728040394 0.882090815 -0.611390935 3.06920594
000224.jpg 1163.25473 0 978.5 0 1156.2804 545.5 0 0 1 0.590413176 0.102951396 -0.800508146 -0.13038217 0.990970158 0.0312831424 0.796500328 0.0859020094 0.598504864 0.566335893 -0.697660919 3.25695116
000225.jpg 1163.25473 0 978.5 0 1156.2804 545.5 0 0 1 0.512614669 0.112659307 -0.851195678 -0.153346845 0.987428358 0.0383403639 0.844814149 0.110874338 0.52344621 0.632216111 -0.773112527 3.43877668
000226.jpg 1163.25473 0 978.5 0 1156.2804 545.5 0 0 1 0.405657503 0.120847376 -0.90600105 -0.201569564 0.978645393 0.0402852976 0.891522126 0.166280204 0.421353999 0.533765712 -0.978226189 3.66775084
000227.jpg 1163.25473 0 978.5 0 1156.2804 545.5 0 0 1 0.249044851 0.125030979 -0.960387378 -0.233848622 0.970054169 0.0656485381 0.939835881 0.208235835 0.270825318 0.229774232 -1.09429777 3.99637787
000228.jpg 1163.25473 0 978.5 0 1156.2804 545.5 0 0 1 0.212205974 0.146901486 -0.966120374 -0.25339619 0.963093325 0.0907833619 0.943800294 0.22554645 0.241598434 0.500260513 -1.18617835 4.12513673
000229.jpg 1163.25473 0 978.5 0 1156.2804 545.5 0 0 1 0.100214022 0.149251792 -0.983707808 -0.27222048 0.955073809 0.117175209 0.957002173 0.256042813 0.136341183 0.344811278 -1.20606317 4.13115894
000230.jpg 1163.25473 0 978.5 0 1156.2804 545.5 0 0 1 -0.0221998218 0.152358231 -0.988075977 -0.284807465 0.946403631 0.152331462 0.958327645 0.284793146 0.0223827697 0.212829746 -1.17130191 4.03084616
000231.jpg 1163.25473 0 978.5 0 1156.2804 545.5 0 0 1 -0.203711592 0.140843965 -0.968847029 -0.292511569 0.9356402 0.197520627 0.934311816 0.323636206 -0.149402266 -0.240308087 -1.04737962 3.83283444
000232.jpg 1163.25473 0 978.5 0 1156.2804 545.5 0 0 1 -0.447058771 0.111878084 -0.887480563 -0.275137259 0.926849857 0.255438508 0.851139204 0.358374995 -0.383574529 -0.941083386 -0.953639571 3.60832794
000233.jpg 1163.25473 0 978.5 0 1156.2804 545.5 0 0 1 -0.661285992 0.0869446529 -0.74507816 -0.236793151 0.918279704 0.317319063 0.711779348 0.386268057 -0.586657607 -1.47465697 -0.908057172 3.31947147
000234.jpg 1163.25473 0 978.5 0 1156.2804 545.5 0 0 1 -0.781789353 0.0796768072 -0.61843109 -0.195690989 0.910341707 0.364668362 0.592039225 0.406115235 -0.696103421 -1.74722744 -0.864405502 3.15006837
000235.jpg 1163.25473 0 978.5 0 1156.2804 545.5 0 0 1 -0.858628298 0.070708388 -0.507698503 -0.157006446 0.906558937 0.391790595 0.487961497 0.416114429 -0.767295484 -1.87987794 -0.774078765 2.84420486
000236.jpg 1163.25473 0 978.5 0 1156.2804 545.5 0 0 1 -0.874036997 0.0931168763 -0.476852782 -0.127696153 0.90293113 0.410376737 0.468778221 0.419576717 -0.777304546 -1.91918499 -0.674448458 2.66215192
000237.jpg 1163.25473 0 978.5 0 1156.2804 545.5 0 0 1 -0.76803768 0.115788624 -0.629850075 -0.175283886 0.907952524 0.380654401 0.615949415 0.402759492 -0.67704587 -1.48086271 -0.776821322 2.90214941
000238.jpg 1163.25473 0 978.5 0 1156.2804 545.5 0 0 1 -0.629127232 0.152960719 -0.762103631 -0.20515783 0.913004657 0.352608511 0.749739415 0.378187143 -0.543015003 -0.8492765 -0.816655463 3.1122175
000239.jpg 1163.25473 0 978.5 0 1156.2804 545.5 0 0 1 -0.589358317 0.159441245 -0.791981859 -0.210603453 0.91611183 0.341152899 0.779937793 0.367855412 -0.506339249 -0.459492668 -0.872045845 3.35778453
000240.jpg 1163.25473 0 978.5 0 1156.2804 545.5 0 0 1 -0.678579116 0.120967626 -0.724497907 -0.208186682 0.914224489 0.347637582 0.704406622 0.386730418 -0.595189797 -0.436700552 -0.948530485 3.42369392
000241.jpg 1163.25473 0 978.5 0 1156.2804 545.5 0 0 1 -0.78115996 0.0825502266 -0.618849398 -0.192973183 0.910758909 0.365074732 0.593759605 0.404603101 -0.695518413 -0.62331227 -0.994691284 3.53334316
000242.jpg 1163.25473 0 978.5 0 1156.2804 545.5 0 0 1 -0.85876013 0.0607322978 -0.508765789 -0.164107724 0.908040835 0.385396544 0.48538613 0.414455582 -0.769822626 -0.726338652 -1.03105265 3.59893329
000243.jpg 1163.25473 0 978.5 0 1156.2804 545.5 0 0 1 -0.908042072 0.0487704475 -0.416030094 -0.135462723 0.905638353 0.401832084 0.39637034 0.421237008 -0.815751149 -0.803496529 -1.0641554 3.69314031
000244.jpg 1163.25473 0 978.5 0 1156.2804 545.5 0 0 1 -0.922052587 0.0553692642 -0.383083896 -0.112776319 0.908343918 0.402731707 0.370270885 0.414542604 -0.831296518 -0.623667053 -1.07572753 3.88440026
000245.jpg 1163.25473 0 978.5 0 1156.2804 545.5 0 0 1 -0.93232772 0.0538631139 -0.357580463 -0.100232737 0.911606551 0.398656362 0.347445565 0.407519646 -0.84451721 -0.352878474 -1.08477043 4.02421597
000246.jpg 1163.25473 0 978.5 0 1156.2804 545.5 0 0 1 -0.930700956 0.0544962384 -0.361698618 -0.0930738558 0.921009228 0.378258192 0.353741413 0.385709946 -0.852111994 0.0405829731 -1.0412875 4.22613595
000247.jpg 1163.25473 0 978.5 0 1156.2804 545.5 0 0 1 -0.946596316 0.0342331527 -0.320598669 -0.0919772933 0.924358163 0.370273094 0.309023612 0.379986944 -0.871845359 0.202246121 -1.04968645 4.41198528
000248.jpg 1163.25473 0 978.5 0 1156.2804 545.5 0 0 1 -0.968463579 0.00499239818 -0.249105141 -0.0885823542 0.927577667 0.362977738 0.232876495 0.37359704 -0.897882949 0.186164106 -1.07834768 4.71572015
000249.jpg 1163.25473 0 978.5 0 1156.2804 545.5 0 0 1 -0.97561634 -0.00809943928 -0.219333437 -0.086706525 0.932257078 0.35125307 0.201630196 0.361705874 -0.910227512 0.356357185 -1.06652696 4.96225011
000250.jpg 1163.25473 0 978.5 0 1156.2804 545.5 0 0 1 -0.993311226 -0.0469135097 -0.105507969 -0.0807282303 0.935466803 0.344070943 0.082557627 0.350287002 -0.932996921 0.0102527328 -1.07680951 5.20769402
000251.jpg 1163.25473 0 978.5 0 1156.2804 545.5 0 0 1 -0.996880082 -0.0657737548 -0.0436338807 -0.0767441377 0.936917288 0.341022481 0.0184510082 0.343307163 -0.939041933 -0.225826211 -1.05850845 5.25607222
