279
DSCF0656.JPG 3231.5814 0 1557.5 0 3240.80793 1039 0 0 1 0.594588411 0.441952049 -0.671671801 -0.219626328 0.892886604 0.393087508 0.773452582 -0.086208466 0.627964333 0.747852112 -2.18874326 3.33418029
DSCF0657.JPG 3231.5814 0 1557.5 0 3240.80793 1039 0 0 1 0.623252993 0.430857341 -0.652623673 -0.219772035 0.897404136 0.382578187 0.750503804 -0.0950145673 0.654000208 0.764203433 -2.16922285 3.32379887
DSCF0658.JPG 3231.5814 0 1557.5 0 3240.80793 1039 0 0 1 0.660219587 0.407727386 -0.630768163 -0.213318065 0.907032321 0.363025857 0.720142695 -0.105122537 0.685816121 0.777247115 -2.15063192 3.29160412
DSCF0659.JPG 3231.5814 0 1557.5 0 3240.80793 1039 0 0 1 0.694135316 0.390812079 -0.604518057 -0.212306938 0.913581075 0.34683625 0.687824052 -0.112407912 0.717121004 0.783393798 -2.18528079 3.25072448
DSCF0660.JPG 3231.5814 0 1557.5 0 3240.80793 1039 0 0 1 0.734346342 0.370743108 -0.568581567 -0.203765325 0.919430898 0.336342856 0.647468256 -0.131134939 0.750725306 0.80418974 -2.15370697 3.21415878
DSCF0661.JPG 3231.5814 0 1557.5 0 3240.80793 1039 0 0 1 0.757826266 0.352877009 -0.548796107 -0.202258107 0.926744071 0.316602409 0.62031525 -0.128931159 0.773683234 0.731209165 -2.1786652 3.14550988
DSCF0662.JPG 3231.5814 0 1557.5 0 3240.80793 1039 0 0 1 0.78661594 0.331054491 -0.5211893 -0.185942941 0.931936554 0.31131894 0.588778894 -0.147976969 0.794633394 0.700744895 -2.13465136 3.14306125
DSCF0663.JPG 3231.5814 0 1557.5 0 3240.80793 1039 0 0 1 0.82083566 0.312538568 -0.478067425 -0.182238675 0.936567477 0.299383409 0.541311264 -0.158622204 0.825724598 0.71309316 -2.15459497 3.10527902
DSCF0664.JPG 3231.5814 0 1557.5 0 3240.80793 1039 0 0 1 0.844244506 0.294124086 -0.448042672 -0.171707964 0.940334355 0.293747638 0.507708173 -0.171062335 0.844375561 0.642585276 -2.13870206 3.05847488
DSCF0665.JPG 3231.5814 0 1557.5 0 3240.80793 1039 0 0 1 0.866204055 0.277487911 -0.41556106 -0.169384205 0.945454641 0.278252606 0.470105867 -0.170634056 0.865958713 0.61334404 -2.19011045 3.01501002
DSCF0666.JPG 3231.5814 0 1557.5 0 3240.80793 1039 0 0 1 0.886666156 0.259113061 -0.382992885 -0.159272312 0.948705099 0.273113465 0.434114569 -0.181160304 0.88245424 0.566242412 -2.16377601 3.00089371
DSCF0667.JPG 3231.5814 0 1557.5 0 3240.80793 1039 0 0 1 0.911616389 0.241080266 -0.332920209 -0.157233726 0.952867356 0.259463594 0.379780351 -0.18418498 0.906555447 0.534445178 -2.19243454 2.94710668
DSCF0668.JPG 3231.5814 0 1557.5 0 3240.80793 1039 0 0 1 0.927438497 0.230291883 -0.294658249 -0.153902988 0.953125514 0.260510316 0.340839706 -0.19625851 0.919407903 0.458111802 -2.18981885 2.92312694
DSCF0669.JPG 3231.5814 0 1557.5 0 3240.80793 1039 0 0 1 0.946730104 0.20548509 -0.247947549 -0.142309599 0.957658161 0.250277497 0.288877288 -0.201659925 0.935886311 0.455820434 -2.2135399 2.87863384
DSCF0670.JPG 3231.5814 0 1557.5 0 3240.80793 1039 0 0 1 0.962903452 0.177116688 -0.203584433 -0.124888881 0.961287761 0.245618826 0.239206417 -0.211081783 0.947747208 0.442768499 -2.23129727 2.83286242
DSCF0671.JPG 3231.5814 0 1557.5 0 3240.80793 1039 0 0 1 0.973027088 0.162193879 -0.164047043 -0.120350646 0.963572018 0.238840297 0.196809575 -0.212654911 0.957101813 0.370243527 -2.23954952 2.79981393
DSCF0672.JPG 3231.5814 0 1557.5 0 3240.80793 1039 0 0 1 0.980970811 0.138121188 -0.136450745 -0.103473925 0.966587116 0.234526104 0.164284556 -0.215944168 0.962485689 0.313441613 -2.19521166 2.82549379
DSCF0673.JPG 3231.5814 0 1557.5 0 3240.80793 1039 0 0 1 0.98908887 0.113412159 -0.0940259989 -0.0899946063 0.97045678 0.223862924 0.116636946 -0.212958494 0.970074483 0.270615449 -2.16967183 2.86298875
DSCF0674.JPG 3231.5814 0 1557.5 0 3240.80793 1039 0 0 1 0.993578588 0.0899771572 -0.0685981099 -0.0751853017 0.978121709 0.193971887 0.0845503394 -0.187568744 0.978605746 0.197219705 -2.21625747 2.86983251
DSCF0675.JPG 3231.5814 0 1557.5 0 3240.80793 1039 0 0 1 0.996968761 0.067361698 -0.0389318769 -0.0597059163 0.983235555 0.172287688 0.0498847968 -0.169440979 0.984277025 0.190410166 -2.18733924 2.91138597
DSCF0676.JPG 3231.5814 0 1557.5 0 3240.80793 1039 0 0 1 0.9980855 0.0586599358 -0.0196047853 -0.0546987965 0.985126963 0.16288925 0.0288682756 -0.16150504 0.986449565 0.195318002 -2.07869282 2.98118483
DSCF0677.JPG 3231.5814 0 1557.5 0 3240.80793 1039 0 0 1 0.997210093 0.0681164581 -0.0305315831 -0.0637506234 0.989933674 0.126361302 0.0388315266 -0.124062358 0.991514319 0.172699077 -2.08384763 2.98033307
DSCF0678.JPG 3231.5814 0 1557.5 0 3240.80793 1039 0 0 1 0.992694304 0.0987525671 -0.0693249557 -0.0906251071 0.989574332 0.111936285 0.0796561923 -0.104835931 0.991294264 0.104823612 -1.9929887 3.03898538
DSCF0679.JPG 3231.5814 0 1557.5 0 3240.80793 1039 0 0 1 0.988921415 0.110480025 -0.0991392865 -0.101108169 0.990324638 0.095048667 0.108681057 -0.0839718705 0.990523676 0.147892557 -1.91366632 3.07802268
DSCF0680.JPG 3231.5814 0 1557.5 0 3240.80793 1039 0 0 1 0.976386661 0.146426863 -0.158834071 -0.134756883 0.987482649 0.0819670735 0.168848071 -0.0586275729 0.983896914 0.0727246414 -1.88555051 3.08515219
DSCF0681.JPG 3231.5814 0 1557.5 0 3240.80793 1039 0 0 1 0.965170052 0.166925534 -0.201451326 -0.153812041 0.984921394 0.0791940871 0.211633236 -0.0454501215 0.97629179 0.137533023 -1.83851896 3.09679352
DSCF0682.JPG 3231.5814 0 1557.5 0 3240.80793 1039 0 0 1 0.948498054 0.198226779 -0.247098332 -0.184589625 0.979761089 0.0774266022 0.257445357 -0.0278271931 0.965892093 0.166780588 -1.8188251 3.09085118
DSCF0683.JPG 3231.5814 0 1557.5 0 3240.80793 1039 0 0 1 0.924594188 0.238739393 -0.296865441 -0.22356508 0.971011464 0.0845895493 0.308454604 -0.0118422596 0.951165347 0.240288123 -1.81506841 3.09008558
DSCF0684.JPG 3231.5814 0 1557.5 0 3240.80793 1039 0 0 1 0.895947806 0.269370955 -0.353152682 -0.256338149 0.962917541 0.0841460845 0.362723423 0.0151360048 0.93177391 0.222939182 -1.87946001 3.09199678
DSCF0685.JPG 3231.5814 0 1557.5 0 3240.80793 1039 0 0 1 0.872605222 0.2913423 -0.392020141 -0.27149406 0.956524213 0.106547664 0.406018599 0.0134570915 0.913765727 0.274233901 -1.90272619 3.18888397
DSCF0686.JPG 3231.5814 0 1557.5 0 3240.80793 1039 0 0 1 0.846997154 0.31254158 -0.430015793 -0.285810422 0.949785172 0.127359843 0.448227871 0.0150295711 0.893792978 0.352674956 -1.94612663 3.25989982
DSCF0687.JPG 3231.5814 0 1557.5 0 3240.80793 1039 0 0 1 0.813355272 0.332544598 -0.477354471 -0.298448013 0.942834441 0.148296999 0.499381602 0.0218473478 0.866106638 0.389736889 -2.00865063 3.28912156
DSCF0688.JPG 3231.5814 0 1557.5 0 3240.80793 1039 0 0 1 0.77605291 0.358693705 -0.518729898 -0.313418389 0.933100426 0.176330681 0.547275794 0.0257375511 0.836556503 0.391336092 -2.05121458 3.28856793
DSCF0689.JPG 3231.5814 0 1557.5 0 3240.80793 1039 0 0 1 0.744866678 0.386733181 -0.543701278 -0.339354679 0.921200988 0.190334289 0.574466739 0.0427339031 0.817411634 0.44558558 -2.13891395 3.27909298
DSCF0690.JPG 3231.5814 0 1557.5 0 3240.80793 1039 0 0 1 0.696097713 0.42066989 -0.58179448 -0.364974598 0.905179539 0.217815394 0.618256837 0.0607194091 0.783627231 0.429070336 -2.15137508 3.30477427
DSCF0691.JPG 3231.5814 0 1557.5 0 3240.80793 1039 0 0 1 0.635538576 0.463005601 -0.617832122 -0.391229161 0.883010958 0.25929017 0.665605335 0.0769250375 0.74232882 0.397233017 -2.14001375 3.32318888
DSCF0692.JPG 3231.5814 0 1557.5 0 3240.80793 1039 0 0 1 0.579629997 0.486776359 -0.65351193 -0.407415078 0.867656717 0.284929423 0.705720923 0.101096974 0.701239888 0.39778452 -2.21601183 3.33401835
DSCF0693.JPG 3231.5814 0 1557.5 0 3240.80793 1039 0 0 1 0.520679133 0.509639199 -0.684953376 -0.418314303 0.851673466 0.315698356 0.744248873 0.122148248 0.656637968 0.394164749 -2.28050823 3.37219047
DSCF0694.JPG 3231.5814 0 1557.5 0 3240.80793 1039 0 0 1 0.477551853 0.525178152 -0.704366479 -0.411276122 0.842052736 0.348997337 0.776399497 0.123024789 0.618117078 0.475051168 -2.24509307 3.45528518
DSCF0695.JPG 3231.5814 0 1557.5 0 3240.80793 1039 0 0 1 0.447107468 0.533387789 -0.718047616 -0.426125008 0.832820644 0.353309004 0.786455587 0.148010952 0.599650205 0.534960354 -2.25539486 3.50485324
DSCF0696.JPG 3231.5814 0 1557.5 0 3240.80793 1039 0 0 1 0.438789709 0.532222496 -0.724018512 -0.439758607 0.82983444 0.343492606 0.783629988 0.167672351 0.598172236 0.669398146 -2.15073117 3.5585992
DSCF0697.JPG 3231.5814 0 1557.5 0 3240.80793 1039 0 0 1 0.432626765 0.536205927 -0.724787753 -0.483408803 0.81654676 0.315542894 0.761019061 0.213856479 0.612466648 0.716918504 -2.12616874 3.55012618
DSCF0698.JPG 3231.5814 0 1557.5 0 3240.80793 1039 0 0 1 0.450330378 0.525618083 -0.721753546 -0.516623683 0.812692084 0.269502406 0.728218732 0.251509855 0.637526683 0.782785907 -2.10118464 3.53708913
DSCF0699.JPG 3231.5814 0 1557.5 0 3240.80793 1039 0 0 1 0.481176513 0.503143361 -0.717855084 -0.532699295 0.818173111 0.216389051 0.696204442 0.278279568 0.661709798 0.819417881 -2.02689955 3.54439607
DSCF0700.JPG 3231.5814 0 1557.5 0 3240.80793 1039 0 0 1 0.529056651 0.487380373 -0.694664978 -0.538214285 0.825617782 0.169353658 0.656067407 0.284280935 0.699113658 0.869214466 -1.91626401 3.53529006
DSCF0701.JPG 3231.5814 0 1557.5 0 3240.80793 1039 0 0 1 0.582704746 0.465251918 -0.666330122 -0.539344602 0.83471506 0.111167304 0.607916589 0.294603839 0.737323537 0.882154176 -1.83480013 3.4455221
DSCF0702.JPG 3231.5814 0 1557.5 0 3240.80793 1039 0 0 1 0.648008993 0.434939825 -0.625229312 -0.527235848 0.848585647 0.043872098 0.549642343 0.301213793 0.779206998 0.815240659 -1.7907948 3.26833609
DSCF0703.JPG 3231.5814 0 1557.5 0 3240.80793 1039 0 0 1 0.687809227 0.428338892 -0.586041176 -0.519531743 0.854325069 0.0146780252 0.506956838 0.294371313 0.810148317 0.734062242 -1.71860524 3.21534445
DSCF0704.JPG 3231.5814 0 1557.5 0 3240.80793 1039 0 0 1 0.737549568 0.39982345 -0.544207537 -0.498393004 0.866065933 -0.0391690203 0.455658916 0.300118324 0.838035765 0.670356583 -1.73923126 3.14392984
DSCF0705.JPG 3231.5814 0 1557.5 0 3240.80793 1039 0 0 1 0.777652658 0.368644586 -0.509271551 -0.460471616 0.885495706 -0.062155009 0.428044664 0.282840102 0.858358458 0.542348783 -1.68645932 3.07662258
DSCF0706.JPG 3231.5814 0 1557.5 0 3240.80793 1039 0 0 1 0.812106187 0.334342309 -0.478224594 -0.425760549 0.899958414 -0.0938232828 0.399013154 0.279803634 0.873211561 0.41365612 -1.69184062 2.98220781
DSCF0707.JPG 3231.5814 0 1557.5 0 3240.80793 1039 0 0 1 0.858938442 0.293113678 -0.4198918 -0.373269382 0.919728113 -0.121532574 0.350563433 0.261121752 0.899400194 0.43918787 -1.66695051 2.87380953
DSCF0708.JPG 3231.5814 0 1557.5 0 3240.80793 1039 0 0 1 0.899793344 0.249522626 -0.357925128 -0.313904416 0.939974019 -0.133838937 0.303044478 0.232781663 0.92410862 0.443765079 -1.64350066 2.79373121
DSCF0709.JPG 3231.5814 0 1557.5 0 3240.80793 1039 0 0 1 0.933472146 0.202033602 -0.296331194 -0.248095008 0.960410265 -0.126731962 0.258995406 0.191819046 0.946639759 0.439764559 -1.59802045 2.76314983
DSCF0710.JPG 3231.5814 0 1557.5 0 3240.80793 1039 0 0 1 0.958202274 0.170372735 -0.229829357 -0.204390334 0.96977861 -0.133244285 0.200182401 0.174649876 0.964066609 0.426493231 -1.66801088 2.68859233
DSCF0711.JPG 3231.5814 0 1557.5 0 3240.80793 1039 0 0 1 0.977007411 0.13181708 -0.167573197 -0.154012316 0.979851188 -0.127168616 0.1474338 0.150053016 0.977623326 0.427393166 -1.69818152 2.6775252
DSCF0712.JPG 3231.5814 0 1557.5 0 3240.80793 1039 0 0 1 0.989978305 0.0974657361 -0.102192891 -0.108764408 0.987789867 -0.111541392 0.0900736379 0.121538507 0.988491341 0.450321606 -1.75199076 2.7177694
DSCF0713.JPG 3231.5814 0 1557.5 0 3240.80793 1039 0 0 1 0.996542377 0.059063892 -0.0584358332 -0.0635347903 0.99493718 -0.0778674422 0.0535408289 0.0813109144 0.995249675 0.444918697 -1.78820851 2.75708731
DSCF0714.JPG 3231.5814 0 1557.5 0 3240.80793 1039 0 0 1 0.999785874 0.0096584785 -0.0183008145 -0.0105250763 0.99879841 -0.0478639712 0.0178165313 0.0480463398 0.998686197 0.490453159 -1.82964024 2.76618257
DSCF0715.JPG 3231.5814 0 1557.5 0 3240.80793 1039 0 0 1 0.999554049 -0.0264581974 0.0138444182 0.0266180817 0.999579587 -0.0114946865 -0.0135344691 0.0118580722 0.999838089 0.477574099 -1.86556058 2.7866333
DSCF0716.JPG 3231.5814 0 1557.5 0 3240.80793 1039 0 0 1 0.998207502 -0.0467516391 0.0373639748 0.0452826343 0.998203229 0.0392402507 -0.0391313863 -0.0374779734 0.998530989 0.467454625 -1.88415952 2.87316048
DSCF0717.JPG 3231.5814 0 1557.5 0 3240.80793 1039 0 0 1 0.997061094 -0.0423013895 0.0638730537 0.0378288817 0.99685205 0.0696775929 -0.0666194435 -0.0670565708 0.99552261 0.448973223 -2.00602701 2.94329867
DSCF0718.JPG 3231.5814 0 1557.5 0 3240.80793 1039 0 0 1 0.995966692 -0.059907763 0.0667937815 0.0505506681 0.989703763 0.133907028 -0.0741281273 -0.129990469 0.98874036 0.41476181 -2.01190346 3.12833151
DSCF0719.JPG 3231.5814 0 1557.5 0 3240.80793 1039 0 0 1 0.995665594 -0.0496734883 0.0786293201 0.0354078914 0.984213488 0.173407299 -0.0860017828 -0.169871583 0.98170634 0.402540715 -2.08831808 3.18836276
DSCF0720.JPG 3231.5814 0 1557.5 0 3240.80793 1039 0 0 1 0.997066139 -0.035153636 0.06799512 0.0166485169 0.966633586 0.255621474 -0.074712391 -0.253739499 0.964382873 0.37592213 -2.05015361 3.33500128
DSCF0721.JPG 3231.5814 0 1557.5 0 3240.80793 1039 0 0 1 0.997960306 -0.0299697981 0.0563652272 0.0117916879 0.954295747 0.298631183 -0.0627390128 -0.297357426 0.95270267 0.29002458 -2.08064106 3.48083131
DSCF0722.JPG 3231.5814 0 1557.5 0 3240.80793 1039 0 0 1 0.997197162 -0.0233158265 0.0710928491 -0.00087535123 0.946502249 0.322696027 -0.0748134661 -0.321853793 0.943828947 0.270779795 -2.06569998 3.62376712
DSCF0723.JPG 3231.5814 0 1557.5 0 3240.80793 1039 0 0 1 0.72524724 -0.384318467 0.571240542 0.251411334 0.920237826 0.299924465 -0.640943665 -0.0739030439 0.764021962 0.600419991 -2.21845354 2.7828311
DSCF0724.JPG 3231.5814 0 1557.5 0 3240.80793 1039 0 0 1 0.70118155 -0.398124239 0.591474027 0.264460166 0.915626906 0.302800576 -0.662121782 -0.0558968578 0.747308696 0.60581622 -2.19564478 2.75778992
DSCF0725.JPG 3231.5814 0 1557.5 0 3240.80793 1039 0 0 1 0.670730036 -0.419186325 0.611885647 0.284463001 0.907275067 0.309730131 -0.684983226 -0.0336864744 0.727779638 0.612002029 -2.17564609 2.74857015
DSCF0726.JPG 3231.5814 0 1557.5 0 3240.80793 1039 0 0 1 0.648486175 -0.430976828 0.627474824 0.298856114 0.902253562 0.31084326 -0.700107638 -0.0140528688 0.713899021 0.55981578 -2.13904365 2.76077352
DSCF0727.JPG 3231.5814 0 1557.5 0 3240.80793 1039 0 0 1 0.62653497 -0.449911698 0.63642234 0.304343682 0.892961705 0.33165391 -0.717515752 -0.0141016545 0.696399518 0.469773281 -2.03109773 2.83787404
DSCF0728.JPG 3231.5814 0 1557.5 0 3240.80793 1039 0 0 1 0.60163459 -0.47112966 0.645036947 0.317039751 0.882048713 0.348533879 -0.733158657 -0.00518768427 0.680037846 0.361297923 -2.053981 2.85673942
DSCF0729.JPG 3231.5814 0 1557.5 0 3240.80793 1039 0 0 1 0.560633978 -0.492915364 0.665375072 0.32568032 0.870028596 0.370111565 -0.761329017 0.0092024475 0.648300426 0.297851054 -2.04586525 2.86215974
DSCF0730.JPG 3231.5814 0 1557.5 0 3240.80793 1039 0 0 1 0.546432485 -0.502766938 0.669803662 0.328429824 0.864340467 0.380853525 -0.770418971 0.0118727606 0.637427366 0.124723435 -2.0205658 2.89969829
DSCF0731.JPG 3231.5814 0 1557.5 0 3240.80793 1039 0 0 1 0.514183428 -0.511609468 0.688383 0.326134295 0.858948547 0.394770585 -0.793253947 0.0215208123 0.608510502 0.0847929475 -1.95728826 2.94997298
DSCF0732.JPG 3231.5814 0 1557.5 0 3240.80793 1039 0 0 1 0.497822681 -0.526028843 0.689540597 0.341491808 0.849725284 0.401684313 -0.797217613 0.035504904 0.60264706 -0.0312929242 -1.87997979 3.00051153
DSCF0733.JPG 3231.5814 0 1557.5 0 3240.80793 1039 0 0 1 0.472421841 -0.52438497 0.708405256 0.36659126 0.847836579 0.38312398 -0.801516346 0.0786990392 0.592771464 -0.0651714502 -1.85788851 2.95591377
DSCF0734.JPG 3231.5814 0 1557.5 0 3240.80793 1039 0 0 1 0.46057877 -0.530194919 0.711871158 0.402524713 0.839554229 0.364859633 -0.791101164 0.118499133 0.600097411 -0.132992875 -1.79066031 2.95082743
DSCF0735.JPG 3231.5814 0 1557.5 0 3240.80793 1039 0 0 1 0.460308317 -0.535494904 0.708068825 0.43183141 0.831932044 0.348440394 -0.7756532 0.145376348 0.614188758 -0.19234253 -1.67740214 2.99970295
DSCF0736.JPG 3231.5814 0 1557.5 0 3240.80793 1039 0 0 1 0.45232931 -0.546843327 0.704528616 0.466688898 0.818305373 0.335526137 -0.759999781 0.177027378 0.625349214 -0.12935593 -1.64172403 2.99473341
DSCF0737.JPG 3231.5814 0 1557.5 0 3240.80793 1039 0 0 1 0.474207847 -0.536714722 0.697899867 0.50373657 0.815526484 0.28489651 -0.722063977 0.216457525 0.657091891 -0.087514165 -1.67089637 2.96427227
DSCF0738.JPG 3231.5814 0 1557.5 0 3240.80793 1039 0 0 1 0.49787243 -0.527589668 0.688311112 0.507292759 0.820892981 0.262276133 -0.703403938 0.218595188 0.676342401 0.0237819661 -1.61668556 2.98355716
DSCF0739.JPG 3231.5814 0 1557.5 0 3240.80793 1039 0 0 1 0.529894041 -0.512848229 0.675425051 0.503329068 0.831176697 0.236231131 -0.68254828 0.214783593 0.698567 0.132625503 -1.64590108 2.87761616
DSCF0740.JPG 3231.5814 0 1557.5 0 3240.80793 1039 0 0 1 0.56972392 -0.503840193 0.649276301 0.513190751 0.835174351 0.19778538 -0.641911137 0.220519531 0.734384932 0.262804603 -1.70596521 2.74351729
DSCF0741.JPG 3231.5814 0 1557.5 0 3240.80793 1039 0 0 1 0.617492571 -0.491473341 0.614130996 0.492872623 0.850238595 0.184853753 -0.613008566 0.188542535 0.76724977 0.361818807 -1.66797256 2.80049252
DSCF0742.JPG 3231.5814 0 1557.5 0 3240.80793 1039 0 0 1 0.670993935 -0.47577855 0.568684368 0.467159527 0.866873235 0.174048184 -0.57578565 0.148881044 0.803931166 0.452052094 -1.71305651 2.81566127
DSCF0743.JPG 3231.5814 0 1557.5 0 3240.80793 1039 0 0 1 0.727268691 -0.4345529 0.531266438 0.424215326 0.8930879 0.149784377 -0.539556863 0.116437877 0.833858868 0.48294559 -1.82149007 2.80960444
DSCF0744.JPG 3231.5814 0 1557.5 0 3240.80793 1039 0 0 1 0.768549387 -0.409312459 0.491726704 0.391345065 0.90877903 0.144809238 -0.506143142 0.0811417675 0.858623977 0.473486438 -1.87060974 2.8555554
DSCF0745.JPG 3231.5814 0 1557.5 0 3240.80793 1039 0 0 1 0.807065157 -0.3696102 0.460471641 0.345354038 0.928030067 0.139609397 -0.478932585 0.0463518607 0.876627106 0.461515069 -1.93624279 2.87501665
DSCF0746.JPG 3231.5814 0 1557.5 0 3240.80793 1039 0 0 1 0.835779531 -0.317001255 0.44831103 0.292899699 0.948028673 0.124303668 -0.46441613 0.0274197047 0.885192532 0.447383764 -2.02532437 2.84542443
DSCF0747.JPG 3231.5814 0 1557.5 0 3240.80793 1039 0 0 1 0.857021668 -0.277316519 0.434291847 0.269139564 0.959633139 0.0816586446 -0.43940614 0.0469018908 0.89706324 0.34796904 -1.98950713 2.82398883
DSCF0748.JPG 3231.5814 0 1557.5 0 3240.80793 1039 0 0 1 0.828943888 -0.302608746 0.470404057 0.315211702 0.947481214 0.0540456406 -0.462053691 0.10347606 0.88079458 0.516817857 -1.86980048 2.68766967
DSCF0749.JPG 3231.5814 0 1557.5 0 3240.80793 1039 0 0 1 0.79807263 -0.337140955 0.499415712 0.361302466 0.931044412 0.0511549643 -0.482224642 0.139614752 0.864850921 0.547529459 -1.68979901 2.60143775
DSCF0750.JPG 3231.5814 0 1557.5 0 3240.80793 1039 0 0 1 0.760188049 -0.366817683 0.536245203 0.413892686 0.909633463 0.0354937735 -0.500806325 0.194966025 0.843315643 0.510439466 -1.65991411 2.52413807
DSCF0751.JPG 3231.5814 0 1557.5 0 3240.80793 1039 0 0 1 0.693969884 -0.402093527 0.597265934 0.455114989 0.887765954 0.0688618673 -0.557921273 0.224036617 0.799081627 0.516303371 -1.50083136 2.51060042
DSCF0752.JPG 3231.5814 0 1557.5 0 3240.80793 1039 0 0 1 0.60623544 -0.448656323 0.656647618 0.502178791 0.856203194 0.121377728 -0.616680673 0.256171026 0.74436641 0.593710988 -1.4424088 2.50991022
DSCF0753.JPG 3231.5814 0 1557.5 0 3240.80793 1039 0 0 1 0.560793495 -0.470058356 0.681583302 0.505528503 0.846345821 0.167748871 -0.655706938 0.25048731 0.712253128 0.480536105 -1.45155015 2.50886446
DSCF0754.JPG 3231.5814 0 1557.5 0 3240.80793 1039 0 0 1 0.508404271 -0.477823839 0.716386401 0.493026071 0.843593538 0.212779782 -0.706010191 0.245019023 0.664466168 0.380434723 -1.47348965 2.53288988
DSCF0755.JPG 3231.5814 0 1557.5 0 3240.80793 1039 0 0 1 0.463029557 -0.509948574 0.724952468 0.477345816 0.832637037 0.280814063 -0.746823005 0.216027816 0.628957376 0.216808354 -1.48273092 2.58109169
DSCF0756.JPG 3231.5814 0 1557.5 0 3240.80793 1039 0 0 1 0.425443626 -0.508697701 0.748481376 0.453407955 0.835589799 0.310178841 -0.783210666 0.2074038 0.586143938 0.0968348042 -1.65187444 2.60743391
DSCF0757.JPG 3231.5814 0 1557.5 0 3240.80793 1039 0 0 1 0.401148545 -0.523312547 0.751813689 0.413436896 0.835828584 0.361193178 -0.817404293 0.1659354 0.551648135 0.0440282662 -1.67731761 2.69698985
DSCF0758.JPG 3231.5814 0 1557.5 0 3240.80793 1039 0 0 1 0.39449712 -0.534375112 0.747539472 0.349123346 0.839677767 0.41599776 -0.849991124 0.0968735636 0.517813288 -0.0123951535 -1.67851864 2.81857088
DSCF0759.JPG 3231.5814 0 1557.5 0 3240.80793 1039 0 0 1 0.345897683 -0.528231183 0.77545252 0.337128324 0.841245907 0.422669869 -0.875613663 0.11522648 0.469066703 0.0602566027 -1.90883493 2.78330168
DSCF0760.JPG 3231.5814 0 1557.5 0 3240.80793 1039 0 0 1 0.331434636 -0.541284189 0.772762906 0.325659347 0.834351844 0.444750481 -0.885492559 0.10425175 0.452807355 0.0609812667 -2.01646179 2.76676576
DSCF0761.JPG 3231.5814 0 1557.5 0 3240.80793 1039 0 0 1 0.318750235 -0.565291377 0.760817946 0.275222505 0.823303114 0.496411679 -0.907001026 0.0511628816 0.41800897 0.17202464 -1.89701495 2.8808514
DSCF0762.JPG 3231.5814 0 1557.5 0 3240.80793 1039 0 0 1 0.905792652 -0.201124055 0.37294609 0.28397648 0.941394183 -0.182028434 -0.314478983 0.270787936 0.909822435 0.511710436 -1.62346218 3.15235305
DSCF0763.JPG 3231.5814 0 1557.5 0 3240.80793 1039 0 0 1 0.884804359 -0.236449846 0.401513035 0.326600954 0.929294401 -0.172463716 -0.332344796 0.283731188 0.899468481 0.442673203 -1.5982304 3.10921654
DSCF0764.JPG 3231.5814 0 1557.5 0 3240.80793 1039 0 0 1 0.83540455 -0.286781932 0.468887366 0.39214765 0.908739337 -0.142874203 -0.385122654 0.303230838 0.871625837 0.469433977 -1.53229913 3.05427301
DSCF0765.JPG 3231.5814 0 1557.5 0 3240.80793 1039 0 0 1 0.78056908 -0.335193991 0.527595394 0.455649644 0.882935134 -0.113176638 -0.427896381 0.328740837 0.841922888 0.489783756 -1.48720209 2.99594944
DSCF0766.JPG 3231.5814 0 1557.5 0 3240.80793 1039 0 0 1 0.734344459 -0.378416292 0.563506278 0.504234284 0.859885219 -0.0796567462 -0.454407309 0.342634675 0.822262414 0.425161675 -1.43257874 2.94797988
DSCF0767.JPG 3231.5814 0 1557.5 0 3240.80793 1039 0 0 1 0.689415622 -0.410364108 0.596914901 0.539196961 0.840998547 -0.0445879133 -0.483707285 0.352594305 0.801064616 0.312312147 -1.37041987 2.88007868
DSCF0768.JPG 3231.5814 0 1557.5 0 3240.80793 1039 0 0 1 0.642134075 -0.445137935 0.624112209 0.574069661 0.818779333 -0.00666538623 -0.508043162 0.362563956 0.781306293 0.195667765 -1.31941907 2.7889803
DSCF0769.JPG 3231.5814 0 1557.5 0 3240.80793 1039 0 0 1 0.588395004 -0.468930588 0.658707388 0.600831418 0.798738168 0.0319209322 -0.541103434 0.376989977 0.751721778 0.140846684 -1.29536895 2.71273869
DSCF0770.JPG 3231.5814 0 1557.5 0 3240.80793 1039 0 0 1 0.534782513 -0.495854498 0.684204634 0.616939524 0.782425451 0.0848294612 -0.577402189 0.376747569 0.724339686 0.0894709038 -1.2088719 2.68528281
DSCF0771.JPG 3231.5814 0 1557.5 0 3240.80793 1039 0 0 1 0.49304281 -0.516490812 0.700104299 0.634663652 0.763937456 0.116625946 -0.595072127 0.386829167 0.704451815 0.0606353688 -1.22215856 2.64524525
DSCF0772.JPG 3231.5814 0 1557.5 0 3240.80793 1039 0 0 1 -0.334925216 0.630757547 -0.699978583 -0.265944178 0.649399072 0.712428621 0.903935171 0.424765539 -0.0497538273 0.389138783 -2.32380462 3.78989054
DSCF0773.JPG 3231.5814 0 1557.5 0 3240.80793 1039 0 0 1 -0.316063028 0.631539726 -0.707998401 -0.278652006 0.651545686 0.705578684 0.906894273 0.42029251 -0.0299496908 0.324909114 -2.33029405 3.74369013
DSCF0774.JPG 3231.5814 0 1557.5 0 3240.80793 1039 0 0 1 -0.259147128 0.646193948 -0.71782738 -0.295218496 0.654651155 0.695900787 0.9196134 0.39225661 0.0211174383 0.338287174 -2.32628303 3.73078671
DSCF0775.JPG 3231.5814 0 1557.5 0 3240.80793 1039 0 0 1 -0.223171342 0.655021076 -0.721901615 -0.302765398 0.657372611 0.690068376 0.92656768 0.372570315 0.0516109884 0.183120482 -2.2938156 3.73890228
DSCF0776.JPG 3231.5814 0 1557.5 0 3240.80793 1039 0 0 1 -0.16989213 0.665407952 -0.726889897 -0.31984808 0.6604479 0.679342165 0.932112584 0.347909225 0.100624555 0.211048256 -2.29635983 3.7513296
DSCF0777.JPG 3231.5814 0 1557.5 0 3240.80793 1039 0 0 1 -0.108043971 0.664238968 -0.739670936 -0.346007275 0.672383112 0.65435458 0.931990057 0.326630592 0.157184574 0.270646927 -2.33610999 3.68594709
DSCF0778.JPG 3231.5814 0 1557.5 0 3240.80793 1039 0 0 1 -0.0605861781 0.667618823 -0.742033977 -0.367888077 0.676130387 0.638362016 0.927894217 0.311661367 0.204644849 0.258858333 -2.3533836 3.62551358
DSCF0779.JPG 3231.5814 0 1557.5 0 3240.80793 1039 0 0 1 -0.0130461489 0.652722336 -0.757484884 -0.386302695 0.695441806 0.605913296 0.922279798 0.300523287 0.24307556 0.309544159 -2.35502751 3.6217819
DSCF0780.JPG 3231.5814 0 1557.5 0 3240.80793 1039 0 0 1 0.0162424989 0.644125186 -0.764747623 -0.411138815 0.701498906 0.582120399 0.911428031 0.304962342 0.276218961 0.252958999 -2.34080778 3.58421249
DSCF0781.JPG 3231.5814 0 1557.5 0 3240.80793 1039 0 0 1 0.0533328953 0.638595749 -0.767692042 -0.449962556 0.701682501 0.552426797 0.891453476 0.315970153 0.324766935 0.191723127 -2.39565206 3.47913016
DSCF0782.JPG 3231.5814 0 1557.5 0 3240.80793 1039 0 0 1 0.0958366533 0.63587978 -0.765814756 -0.463545414 0.709351051 0.530986568 0.880875125 0.304101943 0.362740987 0.148645761 -2.3078073 3.45967418
DSCF0783.JPG 3231.5814 0 1557.5 0 3240.80793 1039 0 0 1 0.131984724 0.622980642 -0.771022148 -0.487220418 0.718154366 0.496860716 0.86324753 0.310079708 0.398314294 0.114013068 -2.33355255 3.42405877
DSCF0784.JPG 3231.5814 0 1557.5 0 3240.80793 1039 0 0 1 0.147858673 0.621556197 -0.769289092 -0.505477635 0.716064003 0.481398696 0.850076569 0.317679458 0.42005903 0.0165960627 -2.26458771 3.42381449
DSCF0785.JPG 3231.5814 0 1557.5 0 3240.80793 1039 0 0 1 0.150306564 0.62900586 -0.762731647 -0.52445194 0.704725887 0.477819617 0.838068076 0.328196667 0.43580827 -0.0962994475 -2.19255651 3.42065661
DSCF0786.JPG 3231.5814 0 1557.5 0 3240.80793 1039 0 0 1 0.153537599 0.617332293 -0.771574394 -0.547905029 0.702993305 0.453431904 0.822329791 0.353130645 0.446175372 -0.0749836806 -2.14122712 3.40672304
DSCF0787.JPG 3231.5814 0 1557.5 0 3240.80793 1039 0 0 1 0.13410725 0.606651714 -0.783574465 -0.569140663 0.694451911 0.440244761 0.811230024 0.386924076 0.438401195 -0.0981310489 -2.10634464 3.40047172
DSCF0788.JPG 3231.5814 0 1557.5 0 3240.80793 1039 0 0 1 0.104023638 0.600270608 -0.793003329 -0.574090882 0.687328178 0.4449715 0.812156846 0.408968427 0.41610826 -0.066766346 -2.06077024 3.40739385
DSCF0789.JPG 3231.5814 0 1557.5 0 3240.80793 1039 0 0 1 0.0701273943 0.588176947 -0.80568606 -0.577290212 0.682612049 0.448081245 0.813522071 0.433691906 0.387418599 -0.00166346311 -2.03129957 3.38781893
DSCF0790.JPG 3231.5814 0 1557.5 0 3240.80793 1039 0 0 1 0.0285782983 0.58228195 -0.812484469 -0.590750182 0.665519427 0.456177722 0.806348252 0.466938565 0.363002581 0.0168970491 -2.03005035 3.3392479
DSCF0791.JPG 3231.5814 0 1557.5 0 3240.80793 1039 0 0 1 -0.00372678365 0.57839306 -0.815749704 -0.594455716 0.654688134 0.466910965 0.804119713 0.486667151 0.34138918 0.113286548 -2.01338808 3.32156192
DSCF0792.JPG 3231.5814 0 1557.5 0 3240.80793 1039 0 0 1 -0.0410744399 0.574205939 -0.817679907 -0.598894262 0.640915443 0.480159408 0.799774064 0.509426083 0.317563399 0.169247713 -2.07030134 3.30575667
DSCF0793.JPG 3231.5814 0 1557.5 0 3240.80793 1039 0 0 1 -0.0814066284 0.56687695 -0.819770385 -0.601304367 0.628017725 0.493990684 0.794862264 0.533145629 0.28974078 0.258604158 -2.122841 3.30620581
DSCF0794.JPG 3231.5814 0 1557.5 0 3240.80793 1039 0 0 1 -0.140199088 0.55569171 -0.819482117 -0.599823393 0.61082572 0.516820896 0.787753841 0.564002362 0.247679677 0.291735447 -2.13522925 3.30588171
DSCF0795.JPG 3231.5814 0 1557.5 0 3240.80793 1039 0 0 1 -0.19329111 0.550276683 -0.812301741 -0.591088937 0.595495249 0.544058156 0.783104345 0.585304178 0.210158521 0.313040692 -2.17680695 3.35266444
DSCF0796.JPG 3231.5814 0 1557.5 0 3240.80793 1039 0 0 1 -0.245673264 0.533092727 -0.809602861 -0.578825372 0.589277302 0.563660758 0.77756404 0.607095055 0.163797918 0.399548461 -2.24283852 3.38689054
DSCF0797.JPG 3231.5814 0 1557.5 0 3240.80793 1039 0 0 1 -0.290181453 0.515627703 -0.806177894 -0.575681757 0.578892527 0.57747204 0.764450939 0.631673582 0.128853588 0.440320498 -2.31637732 3.43068273
DSCF0798.JPG 3231.5814 0 1557.5 0 3240.80793 1039 0 0 1 -0.320688366 0.501736851 -0.803379801 -0.566525987 0.578133215 0.587205493 0.759083183 0.643445505 0.0988463689 0.53210328 -2.28718732 3.52548548
DSCF0799.JPG 3231.5814 0 1557.5 0 3240.80793 1039 0 0 1 -0.339340559 0.488054751 -0.804145848 -0.562011734 0.580326274 0.589376133 0.754314786 0.651938629 0.0773642548 0.604426346 -2.24484368 3.66479695
DSCF0800.JPG 3231.5814 0 1557.5 0 3240.80793 1039 0 0 1 -0.344235459 0.473164093 -0.810936304 -0.568345514 0.582478434 0.581121546 0.747318758 0.660934653 0.0684109584 0.678533207 -2.22737361 3.77737416
DSCF0801.JPG 3231.5814 0 1557.5 0 3240.80793 1039 0 0 1 -0.330797599 0.483956494 -0.810159898 -0.588620789 0.565215066 0.577977072 0.737630337 0.668070386 0.0978950671 0.717916138 -2.26847222 3.77137038
DSCF0802.JPG 3231.5814 0 1557.5 0 3240.80793 1039 0 0 1 -0.308447981 0.505213403 -0.805989615 -0.584647057 0.567689753 0.579582749 0.750365019 0.649990586 0.120268771 0.745619219 -2.08088288 3.87102952
DSCF0803.JPG 3231.5814 0 1557.5 0 3240.80793 1039 0 0 1 -0.271558124 0.536921378 -0.798731256 -0.608090234 0.547551259 0.574816394 0.745977515 0.641796738 0.177804654 0.788973723 -2.06541549 3.83419657
DSCF0804.JPG 3231.5814 0 1557.5 0 3240.80793 1039 0 0 1 -0.231141148 0.548366667 -0.803658988 -0.624312219 0.549936266 0.554801187 0.7461957 0.629971509 0.21523911 0.799892159 -2.00073136 3.80220322
DSCF0805.JPG 3231.5814 0 1557.5 0 3240.80793 1039 0 0 1 -0.199586496 0.550550004 -0.810592329 -0.626671347 0.564228184 0.537521701 0.753291613 0.615257059 0.232401586 0.70059508 -1.90762559 3.76832484
DSCF0806.JPG 3231.5814 0 1557.5 0 3240.80793 1039 0 0 1 -0.152946451 0.563099023 -0.812112599 -0.651676012 0.560314586 0.511239611 0.74291706 0.607426584 0.281259998 0.666119887 -1.9372374 3.69157881
DSCF0807.JPG 3231.5814 0 1557.5 0 3240.80793 1039 0 0 1 -0.122844982 0.577475418 -0.807112911 -0.668845887 0.552651913 0.497213277 0.733180939 0.600914307 0.318351544 0.561181527 -1.95508476 3.65382532
DSCF0808.JPG 3231.5814 0 1557.5 0 3240.80793 1039 0 0 1 -0.0930039969 0.588404071 -0.803200414 -0.66686884 0.562214348 0.489081769 0.739348501 0.581115888 0.340100159 0.441926957 -1.91129916 3.67830283
DSCF0809.JPG 3231.5814 0 1557.5 0 3240.80793 1039 0 0 1 -0.0613687157 0.586482609 -0.807633599 -0.669982166 0.575570549 0.468873587 0.739836318 0.569874278 0.357610864 0.323936624 -1.90960634 3.70202232
DSCF0810.JPG 3231.5814 0 1557.5 0 3240.80793 1039 0 0 1 0.00589840091 0.606036974 -0.795414606 -0.68005486 0.585599608 0.441133185 0.733137502 0.538323588 0.415592491 0.359645938 -1.97835518 3.64233695
DSCF0811.JPG 3231.5814 0 1557.5 0 3240.80793 1039 0 0 1 0.0602744907 0.60302047 -0.795445346 -0.678697694 0.609099734 0.410325425 0.731940179 0.515134766 0.445981779 0.369848215 -1.97649904 3.60209584
DSCF0812.JPG 3231.5814 0 1557.5 0 3240.80793 1039 0 0 1 0.0903277403 0.589614051 -0.802618321 -0.675526271 0.628446864 0.385640761 0.731782178 0.507355703 0.455065967 0.330880016 -1.96471853 3.56751594
DSCF0813.JPG 3231.5814 0 1557.5 0 3240.80793 1039 0 0 1 -0.99972015 0.0165246512 -0.0169280112 -0.00680766205 0.484348539 0.874848643 0.0226556262 0.874719057 -0.4841005 -0.0865458111 -2.35587477 3.22699136
DSCF0814.JPG 3231.5814 0 1557.5 0 3240.80793 1039 0 0 1 -0.999464711 0.0261547745 -0.0196524622 -0.00469618421 0.479790721 0.877370395 0.0323764939 0.87699304 -0.479411067 -0.263086706 -2.35032623 3.19727917
DSCF0815.JPG 3231.5814 0 1557.5 0 3240.80793 1039 0 0 1 -0.995560512 0.0702541177 -0.0626388514 -0.020076888 0.49167626 0.870546595 0.0919575191 0.867939407 -0.488082985 -0.313616025 -2.26386771 3.24394706
DSCF0816.JPG 3231.5814 0 1557.5 0 3240.80793 1039 0 0 1 -0.982996947 0.132288163 -0.127345377 -0.0473518352 0.487437853 0.871872779 0.177411406 0.863078317 -0.472885834 -0.217192085 -2.27291947 3.24614715
DSCF0817.JPG 3231.5814 0 1557.5 0 3240.80793 1039 0 0 1 -0.973563679 0.166935652 -0.15590462 -0.0571821133 0.482689843 0.873922606 0.221142417 0.859734263 -0.460383566 -0.290444833 -2.30191671 3.22093325
DSCF0818.JPG 3231.5814 0 1557.5 0 3240.80793 1039 0 0 1 -0.952582606 0.224943401 -0.204906919 -0.0719936378 0.487676349 0.870050972 0.295640483 0.843547417 -0.448357514 -0.194705966 -2.28483269 3.23977094
DSCF0819.JPG 3231.5814 0 1557.5 0 3240.80793 1039 0 0 1 -0.940780976 0.242098965 -0.237316762 -0.0924825562 0.490192659 0.866693795 0.326156605 0.837316695 -0.438773998 -0.263594011 -2.28206567 3.21936105
DSCF0820.JPG 3231.5814 0 1557.5 0 3240.80793 1039 0 0 1 -0.918492837 0.273346902 -0.285748807 -0.118976624 0.498103786 0.858916283 0.377114667 0.822905882 -0.424982867 -0.230781708 -2.27193601 3.19529124
DSCF0821.JPG 3231.5814 0 1557.5 0 3240.80793 1039 0 0 1 -0.879221323 0.325409381 -0.347963503 -0.148168628 0.507385565 0.848885119 0.45278684 0.797915173 -0.397888746 -0.108668966 -2.29091705 3.16336945
DSCF0822.JPG 3231.5814 0 1557.5 0 3240.80793 1039 0 0 1 -0.846276937 0.354194758 -0.397946504 -0.173535627 0.522958956 0.834505432 0.503687138 0.775280597 -0.381102694 -0.10493362 -2.33793984 3.11793031
DSCF0823.JPG 3231.5814 0 1557.5 0 3240.80793 1039 0 0 1 -0.805358661 0.382991228 -0.45245458 -0.202258826 0.539926521 0.81705001 0.557215214 0.749531234 -0.357371143 0.0406373783 -2.31235939 3.17904408
DSCF0824.JPG 3231.5814 0 1557.5 0 3240.80793 1039 0 0 1 -0.785010845 0.38994469 -0.481353417 -0.235855955 0.53037029 0.814296828 0.572826276 0.752761911 -0.324375652 0.0766668132 -2.27755777 3.27887084
DSCF0825.JPG 3231.5814 0 1557.5 0 3240.80793 1039 0 0 1 -0.780578548 0.392605056 -0.486372698 -0.245894705 0.522506434 0.816408489 0.574658964 0.756867423 -0.311317809 0.0270433373 -2.17149988 3.39845668
DSCF0826.JPG 3231.5814 0 1557.5 0 3240.80793 1039 0 0 1 -0.787739371 0.37418969 -0.489335016 -0.270807781 0.503126652 0.820686735 0.553290004 0.779002983 -0.294999193 -0.0576235473 -2.1522868 3.48277635
DSCF0827.JPG 3231.5814 0 1557.5 0 3240.80793 1039 0 0 1 -0.810389179 0.354566383 -0.466424763 -0.275523599 0.471943701 0.837469933 0.517064914 0.807187601 -0.284766662 -0.204505692 -2.10060919 3.53181238
DSCF0828.JPG 3231.5814 0 1557.5 0 3240.80793 1039 0 0 1 -0.831686715 0.33270767 -0.444525382 -0.285459254 0.430475533 0.856273221 0.476245969 0.839044946 -0.263046299 -0.200010693 -2.08356913 3.56860534
DSCF0829.JPG 3231.5814 0 1557.5 0 3240.80793 1039 0 0 1 -0.857193707 0.301744669 -0.41733572 -0.282414567 0.402229254 0.870892438 0.430651786 0.864385205 -0.259571295 -0.236852576 -2.04934892 3.58724409
DSCF0830.JPG 3231.5814 0 1557.5 0 3240.80793 1039 0 0 1 -0.896215965 0.257287994 -0.361385988 -0.258502908 0.359147268 0.896766127 0.360517948 0.897115449 -0.255363821 -0.375933533 -2.05331131 3.52596219
DSCF0831.JPG 3231.5814 0 1557.5 0 3240.80793 1039 0 0 1 -0.926649791 0.209495059 -0.312140969 -0.229214724 0.343254071 0.910844253 0.297961029 0.915580943 -0.270056961 -0.414356028 -1.99665808 3.543455
DSCF0832.JPG 3231.5814 0 1557.5 0 3240.80793 1039 0 0 1 -0.940154616 0.190790083 -0.282326837 -0.209773057 0.328860648 0.920785501 0.268522929 0.924905303 -0.269157237 -0.287442551 -2.00018408 3.53785878
DSCF0833.JPG 3231.5814 0 1557.5 0 3240.80793 1039 0 0 1 -0.960401385 0.157765152 -0.229650467 -0.168792672 0.326318484 0.930067353 0.221671409 0.932001289 -0.286767123 -0.265547074 -1.96668065 3.5380133
DSCF0834.JPG 3231.5814 0 1557.5 0 3240.80793 1039 0 0 1 -0.974251579 0.134785463 -0.180739424 -0.127700937 0.330776068 0.935029232 0.185812624 0.934034299 -0.305046877 -0.183526592 -1.98605463 3.51061783
DSCF0835.JPG 3231.5814 0 1557.5 0 3240.80793 1039 0 0 1 -0.989890707 0.0911197642 -0.108690281 -0.0687838611 0.361764943 0.929728405 0.124036966 0.927805645 -0.351840186 -0.251049297 -1.92837858 3.56295774
DSCF0836.JPG 3231.5814 0 1557.5 0 3240.80793 1039 0 0 1 -0.997647787 0.0430657569 -0.0533313655 -0.0329994841 0.380192929 0.924318328 0.0600826764 0.923904041 -0.377877486 -0.187295757 -2.03391871 3.51433091
DSCF0837.JPG 3231.5814 0 1557.5 0 3240.80793 1039 0 0 1 -0.999882354 -0.00988631537 0.0117277033 0.00615016826 0.442030829 0.896978774 -0.0140518214 0.896945376 -0.441918023 -0.367118558 -1.85769949 3.5607022
DSCF0838.JPG 3231.5814 0 1557.5 0 3240.80793 1039 0 0 1 -0.999124436 -0.0314547955 0.0275854514 0.00965552464 0.468188388 0.883575919 -0.0407078878 0.883068643 -0.467474747 -0.332952172 -1.87172109 3.57640589
DSCF0839.JPG 3231.5814 0 1557.5 0 3240.80793 1039 0 0 1 -0.99781529 -0.0509138656 0.0421001876 0.0125871588 0.479067279 0.877687932 -0.0648553077 0.87630036 -0.477379795 -0.231695774 -2.03514431 3.56143132
DSCF0840.JPG 3231.5814 0 1557.5 0 3240.80793 1039 0 0 1 -0.993593637 -0.0726335244 0.0865797642 0.0360916935 0.522051727 0.85214986 -0.107093763 0.849815489 -0.516085807 -0.283182851 -2.05057724 3.59575785
DSCF0841.JPG 3231.5814 0 1557.5 0 3240.80793 1039 0 0 1 -0.991336921 -0.0863735354 0.0989480752 0.0302172901 0.583162916 0.811793033 -0.127820282 0.807750349 -0.575500955 -0.195521728 -1.96689365 3.68926669
DSCF0842.JPG 3231.5814 0 1557.5 0 3240.80793 1039 0 0 1 -0.989700803 -0.0921831985 0.109519763 0.0258906299 0.637177912 0.770281756 -0.14079061 0.765184008 -0.62822881 -0.114638472 -1.89735542 3.79651754
DSCF0843.JPG 3231.5814 0 1557.5 0 3240.80793 1039 0 0 1 -0.98569635 -0.108134327 0.1292659 0.0278282537 0.652054847 0.757660917 -0.16621761 0.750420844 -0.639718893 -0.130426636 -1.98590494 3.79852034
DSCF0844.JPG 3231.5814 0 1557.5 0 3240.80793 1039 0 0 1 -0.975021166 -0.142400884 0.170457366 0.0294282299 0.677850915 0.73461018 -0.22015382 0.721276733 -0.656728383 -0.248499013 -1.93581454 3.82517588
DSCF0845.JPG 3231.5814 0 1557.5 0 3240.80793 1039 0 0 1 -0.971216634 -0.155789829 0.180188178 0.023387558 0.690440641 0.723010888 -0.237046984 0.706414362 -0.666923891 -0.153317876 -1.92351973 3.78381088
DSCF0846.JPG 3231.5814 0 1557.5 0 3240.80793 1039 0 0 1 -0.963413209 -0.177893934 0.200471287 0.0189240741 0.700953771 0.712955602 -0.267351581 0.690664578 -0.671941644 -0.10140006 -1.9457454 3.70930854
DSCF0847.JPG 3231.5814 0 1557.5 0 3240.80793 1039 0 0 1 -0.729114293 -0.436256534 0.527325881 0.339876374 0.437969005 0.832266304 -0.594034004 0.786042866 -0.171056173 -0.359190702 -1.97255998 2.82750118
DSCF0848.JPG 3231.5814 0 1557.5 0 3240.80793 1039 0 0 1 -0.71338859 -0.448813355 0.538185184 0.355411072 0.43016464 0.829844174 -0.603953384 0.783278338 -0.14736131 -0.356953523 -2.00030273 2.76962109
DSCF0849.JPG 3231.5814 0 1557.5 0 3240.80793 1039 0 0 1 -0.698965674 -0.452168863 0.554067058 0.372930664 0.430618323 0.82188234 -0.61022103 0.78109614 -0.132359792 -0.28246814 -2.00631883 2.77365622
DSCF0850.JPG 3231.5814 0 1557.5 0 3240.80793 1039 0 0 1 -0.674455349 -0.472037921 0.567706071 0.389565888 0.425648986 0.816738244 -0.627174936 0.772012398 -0.103191364 -0.274543661 -2.0497898 2.73526045
DSCF0851.JPG 3231.5814 0 1557.5 0 3240.80793 1039 0 0 1 -0.63726049 -0.49324951 0.592118222 0.406936388 0.43710922 0.802083728 -0.65444774 0.75209072 -0.0778312612 -0.315206042 -2.08170593 2.69388014
DSCF0852.JPG 3231.5814 0 1557.5 0 3240.80793 1039 0 0 1 -0.60608474 -0.508668861 0.611487757 0.415387924 0.453196717 0.788711359 -0.678317153 0.732030549 -0.0633807124 -0.273433941 -2.14213124 2.65445218
DSCF0853.JPG 3231.5814 0 1557.5 0 3240.80793 1039 0 0 1 -0.57896005 -0.5005712 0.643609924 0.430782977 0.482401882 0.762702072 -0.69226533 0.718830229 -0.0636538662 -0.224009673 -2.14039028 2.69524536
DSCF0854.JPG 3231.5814 0 1557.5 0 3240.80793 1039 0 0 1 -0.561464325 -0.502814123 0.657218205 0.442441577 0.488753744 0.751907726 -0.699287682 0.712950023 -0.0519519175 -0.183756599 -2.09055682 2.70152978
DSCF0855.JPG 3231.5814 0 1557.5 0 3240.80793 1039 0 0 1 -0.536892341 -0.502534052 0.677647505 0.474476113 0.484297479 0.735070316 -0.697580843 0.716181177 -0.021575204 -0.16627778 -1.98243461 2.70356381
DSCF0856.JPG 3231.5814 0 1557.5 0 3240.80793 1039 0 0 1 -0.533044267 -0.513018508 0.672811876 0.502453279 0.44786045 0.739568604 -0.680738211 0.732279337 0.019038386 -0.0722158238 -1.94455313 2.67595768
DSCF0857.JPG 3231.5814 0 1557.5 0 3240.80793 1039 0 0 1 -0.534413405 -0.509541668 0.674366074 0.529099736 0.420518913 0.737032776 -0.659132599 0.750687107 0.044867418 -0.00319331271 -1.81829058 2.68451937
DSCF0858.JPG 3231.5814 0 1557.5 0 3240.80793 1039 0 0 1 -0.537310609 -0.514391709 0.668355054 0.549324599 0.387867349 0.740136071 -0.639952962 0.764826836 0.0741627777 -0.0384511875 -1.73892984 2.70332947
DSCF0859.JPG 3231.5814 0 1557.5 0 3240.80793 1039 0 0 1 -0.538988218 -0.512756817 0.668260538 0.55302641 0.382993916 0.739917191 -0.635337304 0.768372375 0.0771388536 -0.177522575 -1.59897116 2.72236488
DSCF0860.JPG 3231.5814 0 1557.5 0 3240.80793 1039 0 0 1 -0.562428281 -0.488630608 0.667019159 0.560467371 0.367803818 0.74202202 -0.607906864 0.791176643 0.066998243 -0.229448167 -1.54272606 2.76349696
DSCF0861.JPG 3231.5814 0 1557.5 0 3240.80793 1039 0 0 1 -0.587315971 -0.461388993 0.664966275 0.564390426 0.355405667 0.745084062 -0.580106368 0.812900368 0.0516681062 -0.330975436 -1.5164264 2.80170632
DSCF0862.JPG 3231.5814 0 1557.5 0 3240.80793 1039 0 0 1 -0.626723098 -0.419341248 0.656788456 0.564139202 0.337272292 0.753654007 -0.53755476 0.842852489 0.0251905016 -0.353758371 -1.51854094 2.83849659
DSCF0863.JPG 3231.5814 0 1557.5 0 3240.80793 1039 0 0 1 -0.651419216 -0.400168493 0.644606999 0.548394981 0.338795933 0.764513087 -0.52432428 0.851517758 -0.00124778817 -0.455757787 -1.4360915 2.90872661
DSCF0864.JPG 3231.5814 0 1557.5 0 3240.80793 1039 0 0 1 -0.672013441 -0.379691382 0.635792726 0.54291629 0.331279336 0.77168381 -0.503626685 0.86376412 -0.0164835296 -0.537842977 -1.44420599 2.95592817
DSCF0865.JPG 3231.5814 0 1557.5 0 3240.80793 1039 0 0 1 -0.720577582 -0.365945796 0.588941103 0.506164267 0.302886045 0.807500947 -0.473883618 0.879968021 -0.0330242084 -0.560229916 -1.50287724 3.00206655
DSCF0866.JPG 3231.5814 0 1557.5 0 3240.80793 1039 0 0 1 -0.767179373 -0.348757695 0.538334357 0.458310506 0.28913028 0.840449381 -0.448761952 0.89149972 -0.0619754708 -0.566752325 -1.53140602 3.02310136
DSCF0867.JPG 3231.5814 0 1557.5 0 3240.80793 1039 0 0 1 -0.823477287 -0.319645908 0.468734095 0.399240904 0.260525752 0.879052349 -0.403102789 0.911017468 -0.0869213177 -0.530335424 -1.59668053 3.04759098
DSCF0868.JPG 3231.5814 0 1557.5 0 3240.80793 1039 0 0 1 -0.843045986 -0.302588811 0.444649836 0.393056598 0.21769821 0.893372263 -0.367123924 0.927926452 -0.064595074 -0.661886715 -1.70247407 2.99607688
DSCF0869.JPG 3231.5814 0 1557.5 0 3240.80793 1039 0 0 1 -0.849479916 -0.286724619 0.442914061 0.398910922 0.200409543 0.894821821 -0.34533165 0.936816422 -0.055866299 -0.726035059 -1.58346502 3.14722595
DSCF0870.JPG 3231.5814 0 1557.5 0 3240.80793 1039 0 0 1 -0.836446772 -0.289246921 0.465502972 0.440025898 0.151889032 0.885046288 -0.326701709 0.945127473 0.000229045807 -0.75904852 -1.59561482 3.20827719
DSCF0871.JPG 3231.5814 0 1557.5 0 3240.80793 1039 0 0 1 -0.817156331 -0.312921337 0.484082397 0.457946846 0.157580679 0.874901718 -0.350057448 0.936615485 0.0145332898 -0.782020729 -1.44773895 3.23624185
DSCF0872.JPG 3231.5814 0 1557.5 0 3240.80793 1039 0 0 1 -0.805485882 -0.313271866 0.503043965 0.48172193 0.148282221 0.863687655 -0.34516152 0.938015523 0.0314706922 -0.614780283 -1.45145425 3.14895853
DSCF0873.JPG 3231.5814 0 1557.5 0 3240.80793 1039 0 0 1 -0.793384666 -0.319537192 0.518108826 0.499182202 0.145571428 0.854181531 -0.348364609 0.936325233 0.0440131404 -0.383988025 -1.52140624 2.99274544
DSCF0874.JPG 3231.5814 0 1557.5 0 3240.80793 1039 0 0 1 -0.756397311 -0.336224167 0.561085036 0.525852997 0.197592623 0.82730634 -0.389026649 0.920820539 0.0273459575 -0.276949854 -1.50544472 2.84440759
DSCF0875.JPG 3231.5814 0 1557.5 0 3240.80793 1039 0 0 1 -0.708052427 -0.36275575 0.605863043 0.551665556 0.251441703 0.795262337 -0.440825221 0.8973212 0.0220859445 -0.281875141 -1.55595427 2.69429689
DSCF0876.JPG 3231.5814 0 1557.5 0 3240.80793 1039 0 0 1 -0.675455339 -0.391585038 0.624836973 0.557932208 0.282652406 0.780268716 -0.482153228 0.875653342 0.0275588282 -0.236266188 -1.73751895 2.57049331
DSCF0877.JPG 3231.5814 0 1557.5 0 3240.80793 1039 0 0 1 -0.60416953 -0.414286608 0.680695075 0.570619489 0.371328029 0.732467674 -0.556212708 0.830952527 0.0120549315 -0.351915887 -1.71747102 2.51837768
DSCF0878.JPG 3231.5814 0 1557.5 0 3240.80793 1039 0 0 1 -0.541439659 -0.430978987 0.721872709 0.578506629 0.432050111 0.691854596 -0.610059977 0.792205664 0.0153951363 -0.397149453 -1.81900917 2.45817449
DSCF0879.JPG 3231.5814 0 1557.5 0 3240.80793 1039 0 0 1 -0.485298592 -0.442806031 0.753928442 0.584578254 0.476894268 0.656384127 -0.650195002 0.759272465 0.0274186599 -0.424301747 -1.91451224 2.42642271
DSCF0880.JPG 3231.5814 0 1557.5 0 3240.80793 1039 0 0 1 -0.443211951 -0.45595732 0.771794072 0.585160746 0.505072328 0.634420086 -0.67908031 0.732806159 0.0429542343 -0.391152765 -2.00034956 2.36520651
DSCF0881.JPG 3231.5814 0 1557.5 0 3240.80793 1039 0 0 1 -0.41917165 -0.458605708 0.783566163 0.565014711 0.543788911 0.62052558 -0.710671164 0.702833141 0.0311780766 -0.29131851 -1.9882461 2.3628118
DSCF0882.JPG 3231.5814 0 1557.5 0 3240.80793 1039 0 0 1 -0.387328132 -0.471422868 0.792298806 0.546985529 0.574281497 0.609103926 -0.742148064 0.669299068 0.0354261072 -0.243160401 -1.96716217 2.32172174
DSCF0883.JPG 3231.5814 0 1557.5 0 3240.80793 1039 0 0 1 -0.337789812 -0.465128243 0.818262648 0.531244458 0.62343078 0.573684049 -0.776966775 0.628482124 0.0365082357 -0.256325158 -1.89355557 2.3291128
DSCF0884.JPG 3231.5814 0 1557.5 0 3240.80793 1039 0 0 1 -0.320217653 -0.465508102 0.825083548 0.509551534 0.64959379 0.564256274 -0.798635016 0.601107407 0.0291889686 -0.230475605 -1.79364203 2.29636376
DSCF0885.JPG 3231.5814 0 1557.5 0 3240.80793 1039 0 0 1 -0.337311843 -0.448060553 0.827926604 0.535446298 0.632039222 0.560199682 -0.774285466 0.632272222 0.0267180489 -0.257684471 -1.69659643 2.0922592
DSCF0886.JPG 3231.5814 0 1557.5 0 3240.80793 1039 0 0 1 -0.360076877 -0.457687293 0.812937257 0.545407066 0.603687263 0.581457497 -0.756885575 0.652751124 0.0322520596 -0.328876596 -1.6522759 1.88726291
DSCF0887.JPG 3231.5814 0 1557.5 0 3240.80793 1039 0 0 1 -0.40734068 -0.450342761 0.794521849 0.550082224 0.573475413 0.607071245 -0.729028886 0.684337159 0.0141256832 -0.339256191 -1.59428155 1.81963101
DSCF0888.JPG 3231.5814 0 1557.5 0 3240.80793 1039 0 0 1 -0.485132449 -0.439935991 0.755713458 0.557928654 0.509727187 0.654899849 -0.673321709 0.73934736 -0.00183230263 -0.277501262 -1.63467487 1.80222875
DSCF0889.JPG 3231.5814 0 1557.5 0 3240.80793 1039 0 0 1 -0.538207473 -0.442203369 0.717487907 0.556383999 0.45302389 0.696567442 -0.633063632 0.774096593 0.00221403574 -0.397628756 -1.60839821 1.75057263
DSCF0890.JPG 3231.5814 0 1557.5 0 3240.80793 1039 0 0 1 -0.591477352 -0.442592781 0.673992709 0.517997904 0.432011675 0.73827101 -0.617926139 0.785797393 -0.0262629887 -0.473410855 -1.54092549 1.83920305
DSCF0891.JPG 3231.5814 0 1557.5 0 3240.80793 1039 0 0 1 -0.634401185 -0.442716242 0.63366984 0.485928713 0.409125916 0.772327179 -0.601172539 0.797883647 -0.0444214317 -0.587800698 -1.52811998 1.9019125
DSCF0892.JPG 3231.5814 0 1557.5 0 3240.80793 1039 0 0 1 -0.701492137 -0.411391241 0.581950195 0.430148159 0.406655776 0.805979926 -0.56822649 0.815713385 -0.108306644 -0.653298302 -1.46076273 2.00741394
DSCF0893.JPG 3231.5814 0 1557.5 0 3240.80793 1039 0 0 1 -0.733574524 -0.379702954 0.563643578 0.421431397 0.396495751 0.815589785 -0.533164135 0.835832989 -0.130840435 -0.784706172 -1.51094216 2.16663728
DSCF0894.JPG 3231.5814 0 1557.5 0 3240.80793 1039 0 0 1 -0.749010125 -0.358607942 0.55712133 0.419847491 0.393598754 0.817806887 -0.512554306 0.846451631 -0.144248808 -0.967616372 -1.47598678 2.37632366
DSCF0895.JPG 3231.5814 0 1557.5 0 3240.80793 1039 0 0 1 -0.804156644 -0.323757343 0.498511058 0.377222025 0.370186333 0.848920269 -0.459386151 0.870714225 -0.175559398 -0.966093307 -1.53168023 2.65676624
DSCF0896.JPG 3231.5814 0 1557.5 0 3240.80793 1039 0 0 1 -0.869934233 -0.27590184 0.408769623 0.313492222 0.330481028 0.890227452 -0.380705997 0.902585434 -0.201003678 -0.793752109 -1.72420927 2.91793133
DSCF0897.JPG 3231.5814 0 1557.5 0 3240.80793 1039 0 0 1 -0.912623872 -0.228048731 0.339280774 0.261675589 0.311751699 0.913420365 -0.314075713 0.922390728 -0.224837257 -0.726756839 -1.81023216 3.11185873
DSCF0898.JPG 3231.5814 0 1557.5 0 3240.80793 1039 0 0 1 -0.950496111 -0.169110333 0.260689162 0.200702291 0.306361347 0.930516693 -0.23722507 0.936773409 -0.257254437 -0.629071399 -1.84528182 3.29688879
DSCF0899.JPG 3231.5814 0 1557.5 0 3240.80793 1039 0 0 1 -0.974291598 -0.120954413 0.190068179 0.144345891 0.312604328 0.938851851 -0.172974409 0.942151031 -0.287108497 -0.608692867 -1.92624603 3.48279531
DSCF0900.JPG 3231.5814 0 1557.5 0 3240.80793 1039 0 0 1 -0.992601392 -0.053425356 0.10903306 0.0850184047 0.335292004 0.938270293 -0.0866853377 0.940598216 -0.328269171 -0.440807451 -1.94875789 3.71257258
DSCF0901.JPG 3231.5814 0 1557.5 0 3240.80793 1039 0 0 1 -0.999815562 0.0124888138 0.0145900853 0.0178391723 0.322521721 0.946393947 0.00711371838 0.946479672 -0.322685026 -0.220117753 -2.11071016 3.80467908
DSCF0902.JPG 3231.5814 0 1557.5 0 3240.80793 1039 0 0 1 -0.99413025 0.073197911 -0.0796687666 -0.050830944 0.334036258 0.941188607 0.0955052965 0.939713703 -0.32835483 0.00218627058 -2.10631324 3.96167884
DSCF0903.JPG 3231.5814 0 1557.5 0 3240.80793 1039 0 0 1 -0.986391319 0.088575884 -0.138515266 -0.10184966 0.332173755 0.937703174 0.129069024 0.939050004 -0.318631884 -0.0113667763 -2.19898382 4.01514361
DSCF0904.JPG 3231.5814 0 1557.5 0 3240.80793 1039 0 0 1 -0.239125889 -0.674337784 0.698632495 0.21435687 0.66509286 0.715333922 -0.947032176 0.320811534 -0.0144919847 0.0987287983 -1.91112993 2.7501202
DSCF0905.JPG 3231.5814 0 1557.5 0 3240.80793 1039 0 0 1 -0.230244418 -0.666472648 0.709085127 0.217494865 0.674986712 0.705045333 -0.948516469 0.316555127 -0.0104575445 0.15765673 -1.89740578 2.77229433
DSCF0906.JPG 3231.5814 0 1557.5 0 3240.80793 1039 0 0 1 -0.205946191 -0.658329683 0.724008422 0.235550709 0.684763708 0.689648119 -0.949790519 0.3125711 0.0140455461 0.235559091 -1.94119835 2.7353141
DSCF0907.JPG 3231.5814 0 1557.5 0 3240.80793 1039 0 0 1 -0.145090119 -0.665244283 0.732392587 0.236443245 0.695466043 0.678543716 -0.960751502 0.271619268 0.0563872658 0.209197148 -1.92817367 2.7542166
DSCF0908.JPG 3231.5814 0 1557.5 0 3240.80793 1039 0 0 1 -0.12601084 -0.659717695 0.740873695 0.245155391 0.702953844 0.667648656 -0.961259644 0.265760148 0.0731535451 0.328178366 -1.94137163 2.74494645
DSCF0909.JPG 3231.5814 0 1557.5 0 3240.80793 1039 0 0 1 -0.087900366 -0.665220218 0.741455047 0.262093237 0.702665035 0.661489973 -0.96103104 0.252475564 0.112585206 0.357744987 -1.94111914 2.77480326
DSCF0910.JPG 3231.5814 0 1557.5 0 3240.80793 1039 0 0 1 -0.0478632334 -0.67453002 0.736694212 0.318522852 0.688727079 0.651305 -0.946706028 0.265827505 0.181888521 0.317950769 -1.96040725 2.74492892
DSCF0911.JPG 3231.5814 0 1557.5 0 3240.80793 1039 0 0 1 -0.0287546896 -0.682352881 0.730457195 0.363380127 0.673626777 0.643569614 -0.931197107 0.283939272 0.228583547 0.327331167 -1.8626739 2.70733315
DSCF0912.JPG 3231.5814 0 1557.5 0 3240.80793 1039 0 0 1 -0.0897155088 -0.681870054 0.725950657 0.383175827 0.649156792 0.657093407 -0.919308117 0.337118213 0.20303669 0.470456032 -1.72524273 2.69271878
DSCF0913.JPG 3231.5814 0 1557.5 0 3240.80793 1039 0 0 1 -0.130281355 -0.683015713 0.718690687 0.399621321 0.627207787 0.668515663 -0.907375098 0.374299248 0.191234161 0.45119051 -1.68795158 2.68202552
DSCF0914.JPG 3231.5814 0 1557.5 0 3240.80793 1039 0 0 1 -0.171700213 -0.687488604 0.705605029 0.398011425 0.606775821 0.68804797 -0.901169209 0.398976846 0.169444781 0.398368807 -1.64592354 2.70848838
DSCF0915.JPG 3231.5814 0 1557.5 0 3240.80793 1039 0 0 1 -0.219375887 -0.69683511 0.682858001 0.389597393 0.579113379 0.716129573 -0.894476434 0.423141258 0.144441631 0.32190537 -1.56101912 2.75350297
DSCF0916.JPG 3231.5814 0 1557.5 0 3240.80793 1039 0 0 1 -0.23691088 -0.702167508 0.671441752 0.394278787 0.562155701 0.726997391 -0.887928755 0.436968831 0.143668952 0.156431496 -1.66458397 2.78219266
DSCF0917.JPG 3231.5814 0 1557.5 0 3240.80793 1039 0 0 1 -0.288596034 -0.695421956 0.658103816 0.349351408 0.563477606 0.748629803 -0.891440364 0.445961087 0.0803292369 0.178139656 -1.72040203 2.82844878
DSCF0918.JPG 3231.5814 0 1557.5 0 3240.80793 1039 0 0 1 -0.31524319 -0.700117109 0.640669778 0.301717716 0.566125509 0.767116893 -0.899771166 0.435129799 0.032770524 0.201025851 -1.8304132 2.84499219
DSCF0919.JPG 3231.5814 0 1557.5 0 3240.80793 1039 0 0 1 -0.323033467 -0.722948053 0.610733568 0.257002983 0.554068077 0.791806816 -0.91082317 0.412740449 0.00681727413 0.251909584 -1.93454893 2.91059978
DSCF0920.JPG 3231.5814 0 1557.5 0 3240.80793 1039 0 0 1 -0.285068364 -0.726965228 0.624705999 0.218148742 0.585438004 0.7808159 -0.933352642 0.358864739 -0.00830330458 0.24257644 -2.00707185 2.99430273
DSCF0921.JPG 3231.5814 0 1557.5 0 3240.80793 1039 0 0 1 -0.242843719 -0.720217238 0.649856953 0.233112617 0.606953612 0.759780113 -0.941639759 0.335997683 0.0204968529 0.329017926 -2.09480148 2.93755001
DSCF0922.JPG 3231.5814 0 1557.5 0 3240.80793 1039 0 0 1 -0.220607783 -0.701462392 0.677704005 0.277416927 0.620999479 0.733075369 -0.935078636 0.349728694 0.0576002227 0.454261933 -2.12500808 2.81492459
DSCF0923.JPG 3231.5814 0 1557.5 0 3240.80793 1039 0 0 1 -0.174022873 -0.709385011 0.68299996 0.314894923 0.617077968 0.721149062 -0.933036563 0.340569652 0.115996058 0.517463329 -2.05358966 2.74813071
DSCF0924.JPG 3231.5814 0 1557.5 0 3240.80793 1039 0 0 1 -0.0745625909 -0.7253391 0.684341735 0.337501496 0.627398821 0.701757408 -0.938367284 0.28329121 0.19802255 0.413301579 -1.93578791 2.74126398
DSCF0925.JPG 3231.5814 0 1557.5 0 3240.80793 1039 0 0 1 -0.00709543347 -0.717299441 0.696728905 0.369198803 0.645639892 0.668461946 -0.929323355 0.261974505 0.260245 0.432047006 -1.93117112 2.69123755
DSCF0926.JPG 3231.5814 0 1557.5 0 3240.80793 1039 0 0 1 0.0305705311 -0.704942701 0.70860513 0.418999395 0.652678727 0.631228949 -0.907471735 0.277608117 0.315323301 0.517425282 -1.85966664 2.62280839
DSCF0927.JPG 3231.5814 0 1557.5 0 3240.80793 1039 0 0 1 0.0100145179 -0.706403652 0.707738362 0.477148592 0.625374314 0.617443267 -0.878765572 0.331512966 0.34332233 0.61627126 -1.74330908 2.64818186
DSCF0928.JPG 3231.5814 0 1557.5 0 3240.80793 1039 0 0 1 -0.00552540042 -0.70834061 0.70584917 0.506161237 0.606776744 0.612880727 -0.862421168 0.360659901 0.355181875 0.589625202 -1.47287158 2.77112136
DSCF0929.JPG 3231.5814 0 1557.5 0 3240.80793 1039 0 0 1 -0.0465478577 -0.723369066 0.688890769 0.51089598 0.575375155 0.638692985 -0.858381381 0.381681315 0.342783867 0.541182725 -1.14367562 2.92283952
DSCF0930.JPG 3231.5814 0 1557.5 0 3240.80793 1039 0 0 1 -0.106958615 -0.721038607 0.684589791 0.508632279 0.551942831 0.660796729 -0.85431438 0.418882369 0.307708469 0.458523998 -0.955057686 3.02462027
DSCF0931.JPG 3231.5814 0 1557.5 0 3240.80793 1039 0 0 1 -0.142082519 -0.716380293 0.683089916 0.558145006 0.511941783 0.65298527 -0.817488049 0.474041017 0.327106105 0.279777802 -1.09668619 3.07240537
DSCF0932.JPG 3231.5814 0 1557.5 0 3240.80793 1039 0 0 1 -0.140975423 -0.726282447 0.67278506 0.62352251 0.462719899 0.630166624 -0.768989993 0.508334636 0.387621321 0.0167599174 -1.46495274 2.94298651
DSCF0933.JPG 3231.5814 0 1557.5 0 3240.80793 1039 0 0 1 -0.123521148 -0.740654329 0.660434471 0.624931099 0.458922566 0.631546672 -0.770846059 0.49073541 0.406171281 -0.266061114 -1.64237559 2.89703578
DSCF0934.JPG 3231.5814 0 1557.5 0 3240.80793 1039 0 0 1 -0.179659856 -0.743246567 0.644443075 0.574826368 0.452306525 0.681904285 -0.798308827 0.492953698 0.3459764 -0.166826341 -1.80726524 2.80418289
